10000
6463
4615
7211
2605
5244
6463
844
7429
7964
9556
376
5066
8216
1788
9548
7394
9595
745
9110
3915
6845
3826
8188
3676
5704
5975
4485
9863
1902
7136
7446
1328
8539
6519
6910
1118
4846
53
2092
3971
4260
3681
185
6155
7355
6234
8122
2898
5311
1750
4085
2679
7350
8745
1332
3176
4439
1569
4311
410
7150
4959
2738
2302
4507
5212
4674
60
4127
9740
437
6666
6459
3210
7843
8409
936
1869
9361
1543
1464
6632
2112
6158
7188
8648
7331
3865
9220
6413
7994
92
5856
1434
3831
9985
4937
9365
6022
9833
2512
7325
6262
2214
8937
1521
7880
6522
3655
5795
1259
8203
8731
4791
9155
4297
7878
152
8458
204
7310
700
8293
5984
6061
5826
2310
4487
2510
3460
3366
7811
4115
9515
7092
2243
8383
9338
7527
5831
3082
3456
1897
205
3548
3146
299
1773
5713
7804
233
3495
8694
2192
3260
3704
3255
6328
2000
1103
4645
7982
3158
2417
158
8832
4847
3631
7999
9451
6924
7596
6375
2986
8485
9368
3446
5602
4703
3930
3267
7513
8448
558
9822
9195
3539
4394
7831
2456
5582
7224
4643
5787
5273
979
9106
2812
5553
2403
4497
8603
5452
1324
6734
9378
5263
9245
3607
8831
3492
6781
1911
7366
1995
4044
2898
4557
1851
977
7817
4743
4535
2846
4186
7560
3105
6649
4405
6947
5526
7768
9577
4394
8680
4115
6427
8805
6325
6853
4519
7909
1868
5108
3157
4369
8859
6631
1185
6959
3594
2112
7706
3163
4154
4986
4850
6070
9230
9026
460
9811
5721
9253
1226
4775
7174
2292
4786
3532
8096
7573
6207
8710
9094
8801
7947
4841
9383
6195
3571
2890
4565
5454
123
7291
2360
9372
193
1343
1616
4407
7458
4277
9326
8676
1204
6997
2007
2467
7274
8725
9265
9217
5613
3865
620
9760
541
3182
5724
9628
7220
1104
3371
6980
1866
9235
1360
7077
4561
4506
6345
8785
6883
6233
9147
9156
8204
6292
4522
1792
1818
2738
631
3092
3080
6547
90
8413
1483
1971
1003
7896
3682
5852
7000
6255
9417
9011
3385
6891
9361
7099
5824
3138
1089
4066
7175
6361
5164
261
7834
8035
38
3742
4390
1209
6547
8421
8798
1851
933
4114
5160
2467
2680
7851
6826
2742
2225
3162
4244
2775
482
3858
8170
7662
5567
671
1130
9008
1045
8472
8627
8256
6266
21
4488
12
4090
9476
5564
9735
6027
9895
8970
1511
7541
8981
6194
8378
7293
526
7412
2451
2215
1931
1777
3298
7505
1208
3296
9075
2410
9697
2075
8573
7853
2789
1097
4257
8990
2736
7379
8942
427
6445
7983
3012
434
7602
8363
2320
1338
7735
4249
3585
4096
1668
5749
8097
7563
6628
4475
8316
8096
5767
9238
2622
3890
7751
7007
2156
6257
5545
6718
5097
8056
6467
16
6423
7498
3764
5607
9204
957
7184
9737
2212
1754
7786
44
1301
3630
8848
4687
1122
434
1929
8317
9080
8072
6126
5800
9000
1432
6547
4909
2125
2489
7324
795
4370
1535
4954
7570
6074
2802
5228
5103
8492
3124
4794
5337
3335
6178
7787
7481
1039
4353
4546
1442
3301
3413
6095
3305
3741
4930
112
1572
3359
882
6372
9923
1087
7395
8172
3308
8676
7375
5827
2065
1521
2021
2803
200
9691
6677
4203
9765
4972
3232
503
9083
4204
9581
3523
8996
375
3523
6232
4681
6662
5572
2439
6191
4267
9899
3274
2026
7296
1202
8396
1715
2753
9771
1532
6043
8263
2920
5280
7646
1625
4845
3520
701
100
7000
447
4722
6553
6945
4701
3776
9942
2202
7562
713
7322
9045
760
1685
8941
710
1902
8289
4865
9344
3971
7234
8435
5013
6555
9103
8982
8987
7542
1681
6990
3596
7630
4431
1178
9945
3740
4959
6601
6329
9492
3442
552
5797
9155
6600
4166
5882
2921
4056
3678
699
3255
1595
3539
7631
4562
7726
6048
1220
3225
9671
8937
6274
3772
6524
9775
3715
9906
1850
2025
240
5271
6993
546
4151
2491
7339
7222
5368
5870
8320
9761
5794
623
1961
4222
695
166
7429
7326
5484
9461
1415
1514
2435
1893
2531
7188
1231
2374
6459
5782
5181
2568
4782
7839
289
5985
938
7738
469
5959
9818
3192
6252
8410
4387
2802
7125
3753
975
1289
9435
6081
6098
8615
8797
3948
7913
4501
6313
6579
6122
2619
4457
6147
5847
6481
7130
7560
5423
7930
9122
7379
2248
6174
5947
1724
4748
2559
850
8483
4427
8004
8696
7353
3636
9431
4878
550
5705
6864
1926
6363
2484
6193
8752
8554
6530
8282
2968
5475
4475
872
6240
2463
9015
6596
7267
3022
2929
2017
4105
8535
5149
3553
8927
2469
4691
3393
6303
7916
9863
6329
8365
4136
6208
5025
3793
5912
929
8316
5130
1022
4974
6567
9234
268
9126
4555
9513
306
9796
1517
4908
7873
9952
2602
7915
9713
7863
3999
7393
2664
1742
9033
8117
2955
9950
7337
471
5901
7514
1996
673
511
9151
2719
3435
9579
142
4452
5393
3897
1752
8707
7253
4677
2533
4185
2743
7778
5376
8176
9382
5894
8846
3605
5468
3840
8907
6861
7077
3841
183
3659
5580
568
2954
6535
3061
8977
4272
7408
9141
5418
3538
6176
2970
9171
646
7392
1289
731
1956
4705
4570
6080
9958
920
8413
1874
3717
2512
1846
908
1756
2757
4293
8509
2025
2319
9845
8275
7980
3525
8288
4215
9220
6547
5123
4616
8185
3787
1845
7982
9909
5603
1165
1876
8541
1376
6594
6622
8235
2477
6964
8046
2690
7463
4304
762
6405
1998
499
4840
739
4677
6078
3759
8175
1342
5223
5399
4216
2119
9601
356
3879
1990
2497
8022
8603
3273
9805
8496
6614
6004
7297
2695
3513
3712
8393
8090
9405
7259
1184
761
3404
8254
4784
1878
9267
2751
8143
3811
9439
8034
1980
8414
6986
5906
3921
2631
8168
794
3880
2689
5337
8816
6882
2306
9561
3415
8250
7257
7753
5010
7989
1289
5520
9115
3204
791
6465
3273
5637
9384
5966
7807
1992
6577
499
9699
1758
465
2983
3624
9319
1050
1640
8397
2366
6353
5698
9152
2601
1995
6995
5386
9050
3230
4122
6765
3597
8287
5274
3182
8961
7625
1249
5768
338
7866
6701
1416
6742
8467
796
6066
4667
2450
8694
9121
8322
4208
30
410
1029
8964
4017
6796
1817
2382
8403
9804
5511
4827
1005
5239
1658
4562
4802
686
6124
9280
3047
3877
6481
6368
404
5693
1784
7481
195
9817
1450
5861
2445
4182
8726
5202
5571
1440
9072
4841
9505
7074
4341
4154
2466
1182
3675
398
3294
9428
3517
4254
7046
3547
4289
6635
2885
3502
1026
6413
477
3360
9487
8568
5943
8570
8847
8549
6284
8430
3476
7935
963
4959
3365
8907
1787
1462
4671
4131
2640
4165
882
8482
9597
1291
4529
1398
9789
7086
2999
1506
1364
4537
6158
4313
6754
9196
5185
35
8448
7559
8851
7682
2932
9529
745
8273
7474
540
533
8906
4879
6231
501
5921
4676
9105
4388
4525
6451
4373
8585
6370
9869
1766
1094
1567
4276
1973
318
9880
6637
3020
3880
2305
8655
2709
1021
7862
8373
6769
2418
5751
2839
3667
2201
1916
2766
8753
2848
1683
25
3875
1539
9584
5828
7378
6457
315
3422
3172
4186
4798
9002
9022
3001
8060
7941
1491
9738
170
9122
2525
5787
5315
3453
2637
9403
9933
8800
109
7205
8690
6856
7443
9147
649
3212
9220
2319
5217
5023
6312
7663
5075
1610
3618
4555
9219
5921
2482
1128
4299
5304
4481
8684
9259
7191
3056
7581
1443
3231
8473
479
1109
7606
3971
2760
6378
1838
4261
4374
7257
8936
8869
8775
8013
9131
2371
6484
691
1332
5547
457
58
1484
1206
7100
8184
2369
5674
4055
7817
6166
7415
2316
7608
6811
3150
3825
269
2574
1250
9652
2709
2658
1528
5945
1522
1142
6592
4564
5945
3762
1603
2091
2258
1789
611
8909
281
5287
986
1680
423
8131
2506
4462
7857
3652
4526
6989
1060
6792
2894
249
1635
8462
5058
9609
9920
3514
1513
9983
2355
1343
6464
3750
6577
9018
6289
3202
3288
5681
684
2695
4417
6896
6658
1247
6386
9967
8101
2114
5405
1269
4083
5931
7585
2162
6111
111
4307
9349
3737
5479
7611
4806
460
3494
8258
8751
7278
8641
3872
3172
4571
6835
6910
5573
307
7246
4927
7973
9665
4673
4259
8574
1623
6749
6633
4028
8115
9739
4703
8449
4613
7551
8383
3403
1068
4477
2533
1099
6644
9409
1406
7638
5914
4961
7062
5359
1526
9915
2160
7741
5859
6417
3651
9901
6209
5556
3647
5269
6018
999
7487
5823
8626
8556
2285
6249
616
6861
6909
9457
9086
912
242
1554
664
6656
6782
7151
3561
6902
7577
4081
1558
7498
7565
4543
333
4106
9850
941
7042
3892
6820
6274
3460
8542
5323
1567
3782
9425
4527
9031
3278
8733
9206
4445
1603
5429
5790
154
9846
1541
7229
4144
1698
9512
2324
8576
7392
6825
2784
6668
9483
507
7880
5360
5122
7143
6018
8956
4971
2369
3361
4724
7470
2602
300
6277
6445
3628
5925
3302
4324
8223
9247
2196
9387
4472
8981
7262
8735
3540
6454
7775
6769
7260
1035
9546
4498
9878
360
454
7638
7559
8724
744
3454
6118
6308
8320
6929
9008
7889
2155
3769
5405
2334
5698
5735
2547
9588
3850
7071
8025
9457
2459
8486
2637
6854
7508
7430
5592
357
3737
9293
991
2307
6162
8107
1758
1172
8204
922
5389
2214
4346
6540
8448
8710
3568
2246
2462
1914
1630
5800
1199
7539
5403
3238
413
6140
8200
2064
9781
4673
6341
4471
7774
3391
394
6320
9267
9445
5233
7656
2811
5069
5188
9037
4510
7373
2238
26
6979
423
3314
5890
5586
101
1745
8716
9197
5185
8402
1430
5175
3300
8736
6134
6925
7410
6293
8587
3613
7041
7852
2258
3487
1297
3569
2898
4307
3071
8303
2965
9170
1063
8112
251
727
9054
3481
9104
9893
9978
7469
2915
6540
4502
3588
3141
6968
5050
1483
1912
1667
7747
2431
5976
1822
8518
4646
3873
4165
5328
5118
3290
9254
6576
6819
4975
7161
9243
2946
4684
4378
3796
2575
4020
3129
8814
5719
1551
7282
7659
9029
1760
2735
2925
1490
2309
3456
9101
5934
431
7140
2349
719
6761
7344
5625
5488
8634
5285
1506
8915
7470
7589
259
667
438
4878
5083
5167
8163
752
5630
1381
2192
7284
1624
811
1022
4331
9217
6518
5976
748
6394
4210
2504
6334
1532
3958
9543
5227
8034
6455
3229
3750
4592
5511
856
8220
9581
11
4959
5732
4277
9508
4190
4865
5719
3430
7416
1589
8198
2566
8426
22
5558
1581
9597
2733
8473
8389
3631
9886
4238
9309
1687
6605
5545
6251
7645
9431
3816
4346
7484
1177
2264
5684
9206
9182
7231
4651
4493
5563
5680
3451
5363
5665
8552
4627
1456
8088
8388
3163
8013
4323
4788
8318
9318
3688
6290
5302
2344
6812
9849
2689
368
9831
2217
4428
1654
5158
5588
7961
2763
663
4090
1146
3747
1708
1271
1632
9585
7489
6439
3194
5755
6385
6903
8624
3111
7232
7938
9104
2624
1239
5247
4255
5295
9324
6935
2162
9750
641
23
1238
1454
5612
2893
7587
1705
3111
8387
1674
4553
6495
6596
9983
2301
3461
8719
7304
7001
3589
9236
4611
7396
5523
328
6161
7367
6576
4715
8664
8926
2625
290
4965
7144
5567
6064
801
891
2442
7368
4935
9477
5771
4678
9796
5875
1380
9908
1250
9086
5414
4031
9442
9514
3218
4436
8957
4159
5095
3286
2480
1442
5616
4760
1866
9248
930
5646
9585
1185
9346
1573
4639
6187
6476
8682
3718
966
5279
56
4119
8170
332
8223
5766
2963
8634
4905
5717
5015
4841
3833
4547
7250
1728
8463
2880
1872
3314
6518
8807
2671
4966
4403
7877
3300
9265
9907
5268
9726
8306
7339
9460
6166
3892
3961
7903
7267
8601
5607
2278
8438
8650
381
404
7430
1892
3894
4220
2056
2116
1209
5404
1178
4411
8625
9696
6135
7633
5752
5793
6797
3982
1399
6342
9060
4726
2089
7766
5140
4543
7239
3948
325
4782
7618
6033
4751
5938
3783
7864
4434
4555
856
1405
900
3757
9632
9043
7331
7489
6322
9371
4134
5435
9825
6423
7441
4357
3523
3373
4288
658
5454
1866
5046
9539
9906
872
3430
6766
3432
3594
6671
3182
1993
6894
3436
5533
137
5908
809
4175
9757
766
8041
9524
8661
6688
2967
7362
5807
8965
119
1308
4795
2845
5299
2329
9705
146
7899
604
5211
7185
5777
2567
5666
7385
7081
8579
5516
8847
7937
75
9857
7927
2242
6351
1338
3808
6777
5573
6261
5655
8582
8597
1580
8364
753
8992
9027
132
4269
5349
3799
9974
9442
7237
5038
2865
6441
5981
2086
7403
5387
3171
872
9525
6971
6994
4203
5842
6325
8805
4180
66
872
931
6802
30
8270
2160
5563
9287
5997
3573
9516
304
5908
651
7448
6504
5481
5927
2469
6180
5094
3477
4023
9151
2009
3148
1562
8458
4548
701
5871
3298
6893
2436
706
7389
6239
8852
3998
2809
4633
9188
4030
5922
3179
8051
1457
503
5996
5873
4876
8145
3663
6532
9350
9900
9447
8099
482
1918
707
9756
1678
152
1550
182
5271
7839
3191
6246
4972
8543
4873
3417
187
2711
2682
6155
5302
7887
3641
1454
9980
4861
4851
8917
2482
1789
4381
4426
241
1193
2014
4935
7288
308
8302
6228
418
9175
3109
2707
2018
9613
3139
842
1459
2061
2491
3991
5852
7718
6886
3073
8603
526
7280
6056
7245
2927
6132
170
8372
7104
3176
1673
1993
9343
9142
6753
1105
7636
2152
7508
68
3035
7159
1489
3837
7413
4063
102
7972
7953
1985
4239
9038
78
8288
9481
7068
4555
1114
1315
9671
4994
2956
3474
8180
2169
9545
8580
5102
8263
4843
8073
1466
6144
84
2587
6726
1192
5812
9039
2882
6204
2212
4932
175
8686
9360
4399
4394
5274
6800
647
8577
3834
2587
1972
117
3299
8842
7985
9362
8160
4883
7166
5554
8751
1468
7380
814
9127
4547
5604
2355
8121
705
7294
6003
5217
4006
3979
8303
2781
2418
3291
6249
7546
1825
171
2020
3550
5708
6731
8983
4978
3468
5355
8936
7481
8749
984
3061
6070
3150
4754
3603
812
5589
3947
8093
6324
3948
6928
7673
8210
8363
8920
4464
2702
584
4359
1257
2032
1949
2859
3798
7290
4157
8335
9276
965
6932
6868
6577
4383
3674
7998
8706
3539
6638
5058
6697
2583
775
1105
7165
659
1044
4157
5998
3541
9796
5147
8495
5082
3316
363
9492
3145
7826
1431
2597
400
6175
8196
7040
7356
4153
3591
3089
6534
9904
3142
1854
2312
2362
5685
5724
4455
8084
1943
8023
6787
1596
829
1936
9491
5167
689
3844
7482
2875
4188
5726
8737
3539
5218
8700
3976
6743
3576
7308
2723
6150
2136
6866
1642
1455
4988
918
4153
7947
9426
162
8289
7450
1687
8058
8248
2523
9533
2302
6307
5822
1051
411
5278
8541
6406
2307
4881
5568
7276
5352
2685
5511
9619
1789
882
77
7538
5117
2913
946
7374
4072
6878
7924
5699
8588
5731
7167
3460
8476
3036
3725
2368
836
2980
6095
8135
7410
7421
977
4252
7934
2688
3119
2119
2529
2298
146
679
4715
8117
9157
9199
6250
3501
8247
546
2069
9502
2575
5386
3054
3396
4834
8652
1105
9318
7007
4134
1824
5477
2382
2079
5734
33
5406
2889
8432
4618
6756
9096
9809
3853
1965
7290
7221
3856
476
103
350
2417
6527
8591
7862
1624
4943
7172
9862
977
3123
1702
9066
2530
9003
647
4631
1076
8813
1651
2308
9876
4671
6325
9906
3419
833
1377
8583
5977
4768
6759
7763
9285
125
8824
2490
9780
900
9274
5358
126
2179
2056
3700
7531
4860
8259
6910
3412
6209
410
8610
9323
7470
4977
1283
6770
2732
9338
7162
2348
735
3684
527
7228
1241
2283
1200
5094
382
7225
3851
4922
7629
4993
3131
5589
4560
5394
2544
110
2093
6597
2638
6578
9860
1363
100
709
7915
5772
5266
1717
4012
6704
3449
9120
4770
1910
5689
2452
6306
3724
99
7423
9455
3761
6505
712
4096
4194
2499
3296
6613
3757
1766
8975
277
6715
4255
3309
6964
1121
7772
6081
138
8775
3996
6402
7983
2722
2096
5054
6223
9114
366
3440
5645
1822
1064
1501
3807
2861
8109
3245
3701
9541
155
8258
226
3347
4074
5040
740
8862
3249
5914
5632
6477
8007
9269
6939
9067
1756
5666
4262
99
3818
9794
2489
1921
5096
5363
3438
3708
621
7558
7474
2056
8625
4269
5706
3526
8154
7183
2299
4778
6425
4692
6627
9413
1209
7372
5617
9907
6201
5710
4495
276
2372
3791
5715
9032
8009
5180
4487
3360
7374
3489
3074
293
8149
6628
4353
4883
3474
7093
700
9654
8497
8126
7435
2229
1127
360
7295
561
4452
229
4949
6037
8489
8751
6426
1285
7814
9322
5380
6068
9714
771
5502
8219
7121
8030
6334
9186
3905
297
1355
746
5604
4175
2607
9172
53
320
304
1202
2649
3463
3148
3812
7178
8039
689
651
1524
6936
7692
147
1112
289
3189
6054
3041
9848
6766
595
8854
4559
652
7613
4002
9605
9940
4094
8764
566
7194
9936
3056
2102
174
4348
8731
7288
3725
2909
2956
5417
6162
1636
3239
6938
4377
1427
1506
9395
3248
9096
3603
2333
851
9877
3393
8444
3634
1921
5503
8174
5967
677
8489
1167
3592
2176
1028
2893
1460
9090
1486
2838
7756
5937
6383
9901
3006
8649
3734
6620
3117
2515
6386
4238
8317
997
6223
2677
4510
8177
1233
1368
2213
3543
8770
1583
365
3879
3397
4584
5050
2960
8245
8609
6823
3253
6712
1218
6408
4275
2040
1816
2767
5217
5426
6019
7918
2083
2603
4767
8244
3002
5789
4199
2267
9991
5778
3821
3675
9605
6596
7013
4664
536
4464
6310
603
7791
485
8446
4660
5041
391
2344
4758
1112
9185
6423
9799
9214
6260
7761
3245
9112
3051
3644
7476
3358
7909
2443
8304
7354
2478
9224
9567
9718
3272
4452
3910
6933
123
366
7174
9743
9793
5508
4306
2767
5091
796
7927
2766
783
3471
9700
1751
4234
5645
2361
2946
4623
6260
8601
9280
893
2508
3631
3476
9585
8595
1992
8870
1183
4669
7018
3667
7056
7625
4917
197
132
8702
1243
3056
7746
1173
1317
5257
5205
8273
6902
2577
654
1239
8349
9443
8732
8982
2802
6144
1539
5629
6696
6835
6718
9737
9346
4705
8914
6667
5684
7269
6136
9397
9123
248
1160
8474
569
5506
3271
8100
6845
9020
2541
1906
1469
1396
3168
8499
1644
6561
421
4399
5930
2189
3465
7656
3988
1556
4813
855
9038
9022
6241
8212
6369
7930
4483
8220
8345
7042
2065
1566
102
5723
3162
6091
2525
2923
6940
8217
1037
5497
1904
5062
5041
9718
1749
8219
1008
8870
9809
1758
7193
1096
301
9110
9979
1587
6143
9432
8318
6431
6818
3971
1558
1657
1536
179
1083
7856
4873
7938
3251
1057
8267
620
5875
8045
4760
5611
2423
2382
1994
7391
9607
5981
3835
9543
5756
5680
3403
5257
5228
3067
3567
5076
4517
2215
4989
1393
9506
1553
6208
8013
2044
3423
225
6047
6126
1617
40
8868
8113
1596
8716
2294
4005
4696
8792
617
9625
2167
2352
6298
6256
7278
1387
4373
5651
8917
4013
8673
3681
6515
6259
9451
4654
1673
9032
5334
8884
4934
6352
2749
4501
8006
5884
919
516
1246
997
7390
6461
4667
1599
2442
5387
3889
5959
7873
2393
4194
9619
2426
2614
90
6088
2052
6394
5871
7988
7453
3646
7111
2263
3589
1258
9616
5474
6542
6162
251
1357
8094
953
8361
8901
5842
2179
7222
8071
1064
8395
2763
5778
8809
2324
4109
4979
3187
2213
432
6466
4650
7020
3291
1353
7375
4851
5280
6093
8910
8818
2354
6578
3246
6080
8609
3557
2946
8536
5641
8681
4249
4845
2398
4742
8532
7074
5918
3803
2943
373
7377
2457
5812
2947
5715
1224
5445
1648
3266
3977
335
6124
910
7374
2818
8084
8700
5830
7265
134
406
3370
1837
2893
2791
6121
9604
8934
1521
7796
6669
5318
7208
9270
2511
4270
563
9334
942
6780
4816
603
5818
2131
2851
85
6383
5222
1459
7379
9449
7041
5660
9870
3088
5992
1830
5735
2287
8839
3074
8972
4709
9633
7399
5898
3699
1795
5763
9341
3800
5738
8790
5010
483
6188
1549
1010
858
3539
5980
6314
3044
265
3742
7446
7338
9064
3361
7985
5530
823
7416
1994
8411
600
9679
9766
3980
6953
913
8671
4269
5172
3683
6442
5017
3135
2737
6024
5115
597
3830
6462
6363
8448
1742
7520
6721
9551
8891
238
8806
7125
4843
7550
6758
6028
9433
4436
4747
4464
83
745
1736
4845
2678
5577
1231
1400
6078
5424
7348
9835
4611
2030
6311
4372
6582
4321
9956
6825
3470
3244
2977
9750
9763
5282
382
9586
6319
1851
5144
4514
8161
5261
4004
3697
528
5832
160
8656
7760
7
9329
4989
6734
1891
4178
7112
733
3992
8322
4742
7706
5358
4017
5936
7439
824
1592
3127
3500
372
4991
3037
5111
9697
654
8224
7677
5189
9580
2467
6892
2214
6636
7183
304
4984
9300
1995
8147
5377
2791
7164
1045
3399
56
4022
7530
7740
1184
5512
6781
5383
9788
2249
8815
518
3543
6700
5801
3522
3219
1443
9053
2753
1756
1071
1582
2568
5828
4890
9536
6151
5164
1179
2753
4513
4811
2279
4618
916
8333
7619
1922
4568
4022
5604
4484
8437
1741
1569
7248
2113
6662
7194
3323
896
4163
8258
3173
9669
881
3325
3033
547
1800
5357
7317
2127
3864
1068
3061
1624
3778
1458
7133
8670
3798
7292
4427
455
9964
6931
7245
7936
3346
2044
2922
1331
985
4687
223
9237
2271
6384
819
7459
5936
8943
6283
2612
5983
5041
1107
2258
1062
7569
5584
3997
5613
4639
9246
6638
9708
5623
7303
8496
539
6964
5194
1446
4195
9229
5825
2030
9848
3360
9372
9125
7281
7988
1656
6867
877
4830
5868
8602
7747
5855
1702
1307
6731
3194
1139
5347
1531
3145
8330
5438
2751
7600
5024
8449
1146
7566
2211
3775
6594
4995
9907
7081
1091
6535
6276
6283
8295
3346
5764
2257
6450
9678
2472
5335
6282
4926
8407
6128
2281
6215
6318
3983
8438
681
2220
9581
7718
3223
4486
3371
8288
7117
2107
9366
6743
8718
7287
5263
8964
4725
6020
7239
7568
7364
7275
7124
2609
4728
3124
2617
7284
9806
5764
8524
2584
2068
4571
2538
4763
9301
7878
3537
9460
7859
7058
4590
5856
5282
2187
5248
6484
5968
6348
9826
2077
6853
5485
8670
7825
3240
2813
5898
5697
3666
8986
7998
9240
5839
9637
4269
3022
4273
2885
1048
6123
2389
3857
532
9047
789
946
4368
1719
7396
3481
7194
3039
2447
8565
8550
6618
4032
7112
8053
391
6186
3483
7522
7625
442
4354
2421
8405
6082
8399
9672
5315
5623
3190
3381
2625
8228
3852
6684
4660
6542
5865
773
9671
7572
616
3704
3948
9027
6276
4797
1654
9804
5860
1132
5772
6967
3694
3125
9385
8636
9077
4763
9131
8446
579
8554
647
8130
768
9709
5997
9536
1111
7686
9989
9610
569
4003
5890
8516
9212
3694
9380
5177
2574
3849
6427
2615
686
2800
194
3312
3595
5689
4124
9573
1202
8856
834
2639
76
1564
4382
1485
4478
412
4003
3920
768
5755
677
2757
4097
1102
2378
3465
3656
2589
6314
7925
3741
8669
3833
5368
6182
2712
3485
3849
8491
5857
2111
2205
3366
3600
9103
2144
1572
6967
7330
144
8045
540
2493
4953
1677
6294
6850
6012
4688
7804
3100
823
8984
369
1290
3024
733
2503
6994
7884
2335
4487
6807
4747
7336
5196
772
5564
9935
8067
8310
485
5403
8905
8693
7004
7547
8558
9641
1435
8459
3531
438
4772
2345
5118
8618
6716
3400
3708
2324
6780
3240
7677
5406
204
4157
520
9745
5486
2750
8191
4887
9985
3564
2666
1678
33
2937
3329
9077
9576
8475
3440
4210
980
3873
6614
6001
4429
6494
5085
2820
5181
9855
6128
9145
9714
6999
7613
4205
3695
385
9040
4984
9409
2176
8627
8244
5286
7871
4991
5471
5409
6430
6066
6676
3418
3035
4744
6914
3360
614
6323
8072
6157
9680
6431
2117
3045
598
977
2819
658
4533
1173
2646
8918
8422
4013
9280
9649
1048
5294
6799
5300
531
9422
7053
5212
8295
6693
8525
3311
4264
3609
7589
472
107
2248
6779
5060
2190
5278
244
5328
5109
7234
6786
6876
6473
5288
3797
222
4365
7402
474
9839
7414
1448
9257
2199
9311
8019
2062
4854
2323
9919
2543
6823
5802
7764
6585
6689
8511
1000
8520
8352
9398
5461
4163
4952
1917
4155
1635
5288
4737
4816
4666
4142
2914
2538
8366
7190
6834
5154
6249
3493
1775
3363
5087
1676
3896
7058
7729
8288
6734
5140
1297
8594
2606
5845
7075
782
1742
8412
2818
970
5226
4679
6205
7464
1631
3492
6553
6127
6156
6981
7957
3390
6683
4130
7540
5740
7558
6561
4768
6609
1085
5545
4604
7308
6574
1571
1785
5531
4360
1848
5356
5798
8339
7666
5436
8038
7273
7159
5248
3228
1687
6853
8194
3902
2178
4619
7657
2746
607
8379
4275
7421
278
8771
4728
2289
8315
4738
2686
9395
5800
9455
6927
2744
2332
9337
4476
8650
7535
4029
154
4484
343
7506
1716
9896
3786
6521
2288
7151
8650
5967
2820
3430
6190
7318
7310
6109
6362
31
6142
8834
7192
7377
3383
86
3604
7246
2188
9389
666
273
5781
6700
3062
2577
6837
5793
1420
6431
9069
2757
3398
6843
2733
8312
8270
7770
6817
14
4501
4759
2355
764
1873
1305
1845
3737
1582
6592
8718
2289
31
1286
5910
4454
2868
5715
3205
3594
7596
3803
6635
785
3049
3746
3598
3878
7822
7887
9289
8371
7411
5869
1827
2540
2053
8720
3232
6302
6155
1467
3351
825
8061
8114
1220
3247
9715
6709
3037
6358
5072
9484
4507
975
1625
8267
7878
2375
3257
648
7065
6386
4129
4170
7839
4478
1519
1216
2406
9120
6280
9914
1390
230
2303
5714
6552
5216
8031
1226
8217
5938
5015
1439
6183
3619
7333
7080
3384
3302
3527
460
5372
325
6287
3132
8575
4178
2183
9532
231
6589
6896
9124
5349
7720
1339
5888
9204
6787
3813
2537
5053
7662
9516
315
6031
8471
4512
6122
4460
1135
7479
167
3543
1063
5383
8504
5256
6712
6836
6763
9711
2087
2414
443
4811
5846
2383
8800
7729
2958
9138
3001
5008
5475
5632
4159
2278
4658
3899
6330
2276
6702
556
9739
6835
1252
4806
3024
8563
6430
723
2087
3172
4389
4212
303
7584
4691
3255
2885
2990
2408
2887
1155
9329
4660
4014
9313
3634
5536
7831
1105
9861
5420
8863
4285
133
9934
994
3831
8092
3406
7208
3701
8917
499
8471
7375
5336
8829
8149
19
7256
3372
2979
3769
5571
5287
4447
270
4013
9711
2007
694
5664
7356
4839
2838
6781
7578
229
5074
3235
6163
6353
179
122
3462
3404
2397
9633
4292
3843
4882
7099
869
6710
9962
9798
6109
79
8811
4851
6926
2009
2940
1938
9303
198
227
1794
5489
9716
689
5391
4000
6009
2957
6389
8345
6688
5773
4754
208
5934
7310
3860
98
3699
4676
6259
7994
7016
9903
7866
9875
3486
1605
7569
6070
3857
1061
7336
2280
3598
6226
3108
1986
4055
5425
7023
5385
7399
9782
8381
5651
9486
5889
3067
2362
3217
1449
7695
8317
2965
2680
8343
7171
5707
731
7138
1320
6467
9161
6063
5005
9593
2666
8992
9594
8512
7364
9094
7233
2675
5304
5484
1820
7630
1932
1591
1234
4253
727
3359
5651
1375
8641
17
577
6930
3612
4827
4927
4536
413
2056
2106
9944
749
1966
7146
3001
7038
5476
8635
6331
2873
1874
2375
6628
4434
9247
406
7293
1324
9513
7364
8844
1807
60
954
8238
1457
4782
4249
7080
8879
6542
1796
6675
5218
4222
8148
5798
1552
9133
3632
959
2484
9681
248
4284
4555
857
3700
1579
4465
7752
9820
6423
7240
9698
596
9899
2458
6714
9117
1916
8449
7294
9832
4965
5474
320
5997
7421
1939
6741
2242
4016
2764
1286
7115
3496
3312
2983
8863
8147
8488
198
433
7876
1408
5870
5302
5555
1755
8447
8765
4946
8153
2056
8042
9438
6981
3171
5010
4548
7828
8494
2263
4559
6082
3059
3523
7616
885
5463
8257
6517
9266
4500
1477
4391
627
9270
665
4946
2917
8223
4000
5311
9164
2741
7534
6479
2267
1888
4460
4032
1568
9153
4782
5868
6777
2713
4351
2257
7358
3130
7949
5697
7471
5279
4243
9104
1074
8106
6383
7805
9702
2082
7983
4815
4876
7344
3611
340
1891
7411
4375
9078
1174
2317
4779
8759
2941
6348
1040
8277
2938
4625
4646
2638
2244
8491
3923
8392
3794
3722
9420
4507
3227
6231
2654
4094
9127
3498
2663
6571
8052
616
9155
6361
128
984
5713
13
313
2411
6252
6018
3550
5663
903
9577
5040
5551
7323
9814
754
4243
8486
6966
6840
782
5481
4477
9962
8181
6432
9433
9801
3415
4474
1682
4854
5709
2699
4348
8304
1959
3146
9974
8872
6632
4847
3846
1634
3154
5931
6875
3076
85
6683
2219
3133
5798
7512
3109
7820
273
1591
5535
1992
4665
8774
886
7777
8593
3347
9388
2338
2257
6969
7018
8495
4602
2129
9908
7128
3838
9102
2940
4306
4832
4208
1673
3913
9135
4999
9189
1968
379
2393
2584
1545
6265
1736
8631
6873
8306
5588
9717
4175
861
9697
1198
6380
8678
9179
3667
5159
7005
7190
1349
7015
4759
8225
9620
5060
7170
7316
2204
2962
4836
2733
199
4883
8051
5561
1085
4424
6181
8523
9198
440
9888
1919
6445
2628
3094
7655
5347
2362
1968
8648
2823
455
4457
6927
710
1075
9458
2820
7451
7314
1151
2829
4697
9202
8060
5050
616
3177
7475
944
8781
2780
2838
8364
1530
9406
5262
68
5256
7133
4329
713
1801
3674
4739
353
322
7009
855
8166
6271
1590
737
8152
4223
7062
7097
7181
4318
8624
5260
3442
1581
1193
5132
2682
2980
3983
1766
3725
1762
8963
7868
8391
8977
9760
7228
3208
6821
8131
8359
8654
4956
7606
968
6916
8950
2770
1392
4319
2416
1885
652
78
4653
4258
4292
6700
9038
7054
8103
465
3476
7587
282
1953
194
6580
5709
993
9898
2672
4866
2178
2868
5704
1414
2669
3580
4705
2858
1518
9525
376
2789
3126
4494
508
2172
725
4128
9441
2248
3368
5883
9468
1925
7831
3296
6377
3369
1444
1506
6360
3746
9854
1623
5951
2745
9086
2244
8913
5581
7897
7582
508
3774
5482
8830
5850
7483
8444
5834
9486
9825
5547
254
6125
2043
112
9719
3504
8935
8077
2415
9361
2070
4828
3826
3509
3600
3295
4563
5990
7073
6728
5984
6627
9265
1262
2284
9810
9008
3495
538
4484
6571
8902
5071
6369
1229
7211
6719
8624
5394
756
3790
200
4288
1355
8785
4748
6340
2077
6641
1086
1402
6389
4092
1833
7572
1912
7570
6062
6265
265
9441
1374
4989
1058
8715
2151
3952
3197
6942
504
8738
1538
3180
1963
5875
9615
77
6540
7532
11
2143
2466
9397
2539
2989
9299
7372
3504
7729
2948
9682
7879
3470
3707
3113
839
1641
9337
1897
7694
9365
9532
5919
488
584
9356
8119
5639
23
7581
7379
1995
159
5981
9818
3477
8878
178
9521
1130
4294
5898
2756
6903
9302
3021
2526
7059
948
998
9938
8237
741
3228
1852
3820
7774
7822
8534
1618
217
5968
7133
9429
2233
1169
2006
2943
7408
9773
1594
2746
7107
4273
681
780
7882
1558
8234
5262
6734
8899
1785
5985
7701
6439
9758
4409
298
5416
4909
8455
6932
9365
178
7411
3886
3636
7209
2595
8355
7100
1189
4629
9839
7065
3469
1956
2777
5552
6795
7903
4727
5929
4635
3250
8206
2864
7553
281
2190
513
9206
9049
8553
7931
9695
7162
892
3413
7820
1243
2914
8629
1680
2197
1999
5854
71
218
9722
7415
2447
7647
2543
160
2428
8369
3202
6368
9518
9611
2885
8269
5326
1348
3116
1083
5742
647
8203
7710
8276
6909
9522
8407
3660
6627
2130
1622
7078
7360
8876
8482
6926
9438
3079
9331
6726
9617
2214
726
8936
7872
7194
7807
6283
4319
5076
43
5018
4276
6396
5406
6666
7842
3782
5879
4519
8667
2726
9085
1963
7403
2787
4259
1493
8043
206
2771
1420
8756
6596
2165
3700
235
1019
347
2907
139
8968
1315
3136
1058
910
5168
1213
331
7711
269
3044
7255
3450
3390
7018
3510
3705
2035
975
5613
4787
6386
1678
2853
8031
9663
7631
4935
4831
1956
3638
9601
1194
4172
2986
2989
8483
5873
384
6152
5908
9182
2430
1235
3654
3698
2588
2917
4093
5515
8172
2064
9914
5119
8969
6006
6761
8758
8445
5836
2
8829
5790
610
6969
2583
459
5313
5943
3351
4084
2606
7178
6931
6976
4941
6061
7376
1725
6395
4076
4443
7290
5652
8378
8910
8909
8887
4888
9032
9254
4000
8753
7046
7401
751
9002
6986
757
5522
9001
5799
4509
6080
8996
9981
1839
1516
5892
6194
1293
3148
2208
8367
8406
3978
9626
9633
7300
127
7106
1029
4873
4002
8510
9145
2797
2051
9960
4263
5161
5029
2748
1899
300
8213
7308
5159
1060
6116
6596
3492
7336
1181
8975
7038
1995
3706
823
1818
4294
55
2685
9980
7887
4267
3374
1591
1544
9044
2084
4083
8851
604
8665
6206
6131
5045
935
1997
1501
3774
247
9915
7272
7107
8418
7073
2583
3167
5554
2326
5323
9298
4784
3579
9289
2854
9369
4796
4254
2187
1564
5017
6153
5793
6654
619
7646
5895
7621
2082
9611
9265
7829
81
2856
2915
6461
690
2801
3486
5116
7812
5765
2777
6079
2465
6555
7173
9928
4960
600
7091
2390
988
5255
5907
5622
2594
7454
9062
5639
9385
2226
3333
846
40
524
4018
7371
4724
5424
3580
8811
742
6167
3217
9786
1379
7705
3651
5743
8996
8341
593
2898
1282
1766
8101
8002
388
5408
4589
5752
4379
9906
186
4787
4408
3390
7285
8104
9864
8285
2671
1177
2807
7182
4111
4903
7822
7850
4974
4175
7598
9730
4865
2094
1814
9303
6880
8124
5675
3880
5138
3781
897
2320
5417
5056
6161
4393
6544
9790
6106
6394
4109
9527
9799
4827
6401
4628
7670
238
441
8564
8613
9876
6945
4317
8891
2771
728
8400
6895
5351
3131
8738
6102
5764
3002
6105
9219
3058
6354
1171
3145
5834
721
7692
8098
4018
8003
8927
3396
2346
7439
2967
3926
6622
3007
5195
1038
657
8792
9342
2424
7130
9621
8080
9822
539
5880
6391
6323
9603
2570
2158
2815
2604
4883
3478
1780
660
7314
4890
174
2624
8518
3391
7646
9275
5572
7200
388
4573
1018
7127
8133
4702
4804
7341
1117
7371
7724
7475
9583
3181
1993
8427
3855
9055
3485
8309
5213
8469
2481
4028
2295
4848
3348
5592
9849
2445
8142
6583
3855
504
1861
4271
8265
3155
1889
3776
5286
6215
4241
5029
1709
5730
4685
3565
9538
9987
6214
1760
8992
472
4923
9453
8035
955
2747
4077
7839
3832
114
7809
1636
4324
8237
477
4817
8474
4126
5406
9770
8085
4964
8635
782
4938
1942
2655
8255
3329
2804
6798
9283
4455
8202
2989
4709
9668
4130
3401
217
4420
5987
7298
7793
8100
8728
1189
353
3608
6891
33
7856
1453
3918
1016
1583
4333
5206
5091
7715
1367
3432
2746
7577
1344
9992
6418
8065
6260
6374
3943
8711
8064
2905
3235
5620
6526
3043
7121
5420
2774
1174
3279
337
2903
7989
5644
6169
481
7119
435
6697
4264
2970
8646
2841
302
38
8280
339
4382
6409
5021
1288
6650
725
3995
870
1758
1505
3829
2609
9248
1919
7046
211
3055
6826
8482
205
3687
59
5167
6544
3572
1893
3616
4450
5966
1947
9289
176
7034
5226
7818
8373
5252
6183
1041
7967
7386
6426
9263
1380
2770
1862
6352
3271
3082
7989
7990
1256
4565
5817
6364
8389
2611
2267
6652
8679
5085
8776
1180
3259
7809
3471
8347
52
4455
883
2445
8092
5408
7731
6108
3309
3979
6269
9163
7605
5806
3035
7369
4093
6049
7664
9755
9023
2635
1050
7342
2449
9389
3126
8568
6683
1335
3581
7161
8365
6204
8298
3190
5092
3179
9364
5477
5272
6206
5681
6513
6249
3209
963
8373
7467
6283
5711
5734
8789
1061
2141
8455
5319
1314
1468
9077
8002
7619
65
9804
2300
8158
1982
306
6005
7927
5953
2642
8128
5612
2011
3335
1302
4271
4433
1030
4254
8293
4894
3915
3397
4223
9850
2870
667
4597
2693
3297
9715
4166
174
5186
6406
8128
4152
5846
4161
9570
3421
4688
9131
5084
4773
780
5867
3423
5253
1619
7233
3108
6014
8325
4808
5462
4385
988
1893
6673
397
5280
3127
2425
5964
2505
1181
904
8630
4856
753
900
5760
1005
8731
8134
9084
5677
157
9811
5912
107
5469
2796
8456
194
4477
9809
3726
3352
1630
9822
1894
2167
376
1242
8575
6001
3880
9847
2222
1640
5473
4273
6604
4648
3204
4248
5119
5859
1225
2410
6217
8565
1808
1789
6531
8174
7735
5673
9796
3633
1638
9019
6013
3686
5593
4274
5336
1272
3087
7206
9601
9680
8292
8360
8096
8369
1710
2465
9594
1201
1989
4045
6288
1870
2853
3730
4549
3647
3000
2668
9996
1289
5453
4468
6508
8873
8696
7667
5553
1522
7798
1936
7829
9576
1170
5565
65
7175
6624
5423
9423
4201
952
2837
7301
6065
6086
8976
9189
3267
5873
217
6397
4603
8125
4922
5709
1989
6164
3476
5106
4466
4950
5785
7108
3256
6886
9046
8510
8569
1957
1920
3839
9436
9336
7005
5020
6670
6596
1116
4999
1391
5943
9905
2836
7909
4347
9170
6525
4066
1503
3957
702
8892
3578
7829
6973
3811
9424
916
6167
3349
6621
1935
938
3544
1898
7644
5265
8616
4175
5498
8172
5589
1980
3933
7300
6455
61
4086
5308
9222
7969
6005
5435
2317
5190
4199
8057
1821
1274
6077
9278
6372
6033
9362
9585
8226
3737
6150
3243
810
2011
4771
943
7120
1685
6461
3539
5463
2071
6916
4587
2762
8901
4169
6274
4693
8764
4078
1142
8750
1786
85
5627
4698
1593
7732
1943
9794
809
2271
3834
6236
9037
5643
2483
9558
2441
80
3207
9348
2857
1501
2783
3069
5305
8537
562
4336
2382
4630
14
9774
3647
8351
3222
9366
475
9107
9648
5759
2653
3699
2546
7629
3423
5658
9788
3703
3692
3442
704
6916
9230
1251
3994
677
8419
5043
7251
7291
9328
2403
4269
994
1994
4958
5595
7844
1325
2231
9359
7243
4489
2181
2809
9244
3704
2600
2802
7089
4877
3487
9554
1340
8586
4219
5276
4844
946
4718
9930
7475
9400
9137
8922
3855
1169
705
602
9836
8663
2576
6840
6497
4040
2554
3968
1794
7569
7022
831
2124
3871
8345
5588
8592
7284
6166
522
689
6139
7275
6584
8202
2394
6786
8947
9277
6243
6432
6478
6142
7464
5275
8129
929
1358
7282
2089
2898
2062
3765
4150
4618
8852
6444
1078
3497
5163
7647
7643
4196
6654
1322
6539
6404
6415
288
4657
331
5983
9950
434
7839
6155
6716
8607
7404
2638
9107
8992
8805
5144
9984
8912
6558
5247
7835
1419
8848
5535
8565
4498
4737
3301
8952
9681
5063
6685
524
3182
9557
2680
9321
2706
7465
2251
793
1002
5429
7158
5865
4813
9402
6252
2798
9371
5709
3987
8282
6013
6563
6336
2514
5841
6526
6838
6083
5535
4631
1872
3633
9720
109
1101
1699
3278
9033
5099
9888
65
7499
5013
8660
8190
2323
5553
2975
5628
763
6860
8198
5273
9316
5140
1866
4814
4582
5530
884
1726
4617
1750
4221
5315
3172
3150
1341
5029
239
247
7691
2561
2113
6173
9381
9091
4435
6066
8844
8863
9841
698
1724
869
7550
6299
6706
2850
47
3943
5118
9288
8885
3140
2255
4234
1404
3154
3395
1757
9404
8082
8902
8559
6270
3587
4954
5285
5471
2972
6064
4520
3423
5907
1845
1683
4987
5602
2967
6182
1451
4767
6735
2781
317
4410
4628
3446
5938
9738
669
954
4123
4516
6028
4356
4166
8906
1488
7545
4584
7088
3709
3639
5386
604
3668
7392
9917
4824
261
950
2247
6206
8451
5227
2630
9789
7297
294
6265
1646
2240
2250
4423
1170
4461
952
170
1814
4808
1991
8207
1965
7764
9026
4708
7567
8615
4550
2842
9309
9574
364
1757
8827
459
5413
1387
1199
7309
8316
6195
3213
4960
5176
2569
4160
9194
2841
5649
2206
2514
7777
5553
5693
1160
9879
9267
5454
9771
4321
434
7490
8196
2267
4237
8349
9173
2729
7336
4069
4312
513
2739
3395
6874
8704
7993
6530
1481
6193
5370
5166
9332
6582
8548
7763
5508
8637
460
3977
2233
310
1786
2447
9075
2332
2629
8622
277
8299
7334
4689
3813
7051
3441
6674
3478
8682
578
4518
7328
8181
2046
7429
1238
5237
6107
1817
3618
5068
8297
1320
6081
9119
955
5965
9226
1100
9046
2616
5681
2869
6968
9990
7087
2987
6567
4868
3331
2900
6721
9365
7843
2422
5621
8974
7039
1996
5150
5337
8720
7522
565
9324
3288
6891
7212
5706
9048
9180
991
1249
3860
6522
8101
904
5308
4742
9336
1545
7689
407
5716
7242
6762
4412
4883
5909
172
1027
2338
443
8647
2756
2528
353
8144
7216
9048
7440
2369
1299
3370
1147
8465
3964
5238
9644
1694
23
4775
3784
3747
3578
9014
1748
3581
8898
6535
4544
3598
3433
350
4523
5278
2495
9513
1446
8428
8326
2156
6064
5926
3568
9477
3048
1059
1568
6142
829
7446
4642
2769
2622
4434
4523
3554
2180
8673
9348
185
8870
1190
5432
2476
1094
3252
5402
8826
4039
2737
2039
4209
2449
9864
9940
2612
4510
3967
6766
6295
8293
5469
9434
6238
421
7548
1818
7088
7300
9194
7541
3534
4547
4092
3507
9956
5725
5393
7784
3905
6907
2869
5520
3618
8867
7464
4442
3644
1477
4869
4484
94
2198
4455
3518
2800
3342
1104
8267
4824
8809
5265
8881
823
8397
941
5874
6569
6171
3077
1846
405
4652
6022
5646
2513
7958
6969
272
6966
9714
2252
2061
64
1209
4231
1199
1539
2481
1431
2660
1691
1744
4403
2599
4262
2318
217
2707
906
707
1551
3634
7488
5635
3831
2372
7064
7893
6420
66
5380
1753
8313
7222
4311
4995
3452
3275
6570
5901
7226
3280
363
107
7522
6130
149
4661
6443
5830
2079
4270
784
1665
4014
9220
2567
8841
1135
5756
1845
2328
902
232
314
995
5587
428
752
7104
2674
9506
971
8579
6711
1782
2285
8724
1316
2909
6857
531
4271
3837
8178
510
5359
9647
5869
1586
785
5303
2351
2179
532
8684
1060
6476
2931
5101
2617
3145
4932
1268
9885
9197
8560
9642
4414
8430
7643
5197
3890
4005
4019
3056
7048
1826
7969
1851
3186
8075
1766
2842
7660
7055
3755
4410
3192
177
2940
8909
8563
232
9511
3733
4821
6878
1667
8916
5985
4200
7165
2002
3715
8937
7627
2989
2060
8406
6866
7775
6525
5829
5804
6360
4774
1855
8291
4459
9893
3166
2423
9035
7099
1116
498
8970
8514
5883
6232
7064
7888
750
171
3400
6601
6884
4226
9224
6191
2111
8260
8892
2782
4072
6807
6981
4724
7652
4129
7182
7402
4846
4393
1722
9837
3813
4090
2968
116
5239
8165
7644
7350
3825
5334
8312
2102
5352
3129
104
4014
858
466
3508
5478
2988
5860
216
6477
9192
1100
6761
4089
7436
1829
322
4066
308
9444
8332
8787
2650
8145
1912
3856
3000
4441
2836
6910
997
6770
6694
4391
9148
4281
7433
4142
1481
5278
5210
5603
1220
7982
5987
3352
2924
9925
5109
5020
2628
9348
4055
4664
9937
3362
2326
2339
1549
6666
8316
8322
925
869
2886
8482
3455
9624
4580
9362
1976
3342
358
7512
7243
2509
9376
8278
2484
8803
1801
1588
42
5544
3388
5009
3924
6264
2348
4690
1764
5326
9683
5
353
4189
2955
5572
329
4128
9735
8862
6883
2537
6720
9966
9731
2047
5698
7481
6160
5494
3580
9153
3632
2769
8062
6864
7933
5454
4758
2304
6853
3877
9823
201
8587
9645
2904
1028
5068
8945
1906
7151
3419
4523
2218
8446
6649
1238
1886
7980
1630
7619
7573
8023
6571
7386
9494
472
5120
8190
5691
8767
5520
1543
7495
2247
8064
1543
4451
6477
518
3529
2345
7374
6315
115
8911
9651
9404
6767
7563
5042
7260
251
3858
5112
2679
6498
9104
5061
4372
4609
723
860
2005
7216
6211
4979
4063
4227
2627
332
6189
8342
9458
684
9058
3440
6421
3324
2715
3513
6794
9781
6614
9661
8616
4021
1504
1134
1138
3407
6991
3756
5287
4951
9192
729
9340
3409
4783
1490
1166
9574
2227
4571
8361
8690
8854
4660
9978
8548
5759
2163
5996
6280
7268
6706
454
6449
2777
8971
8810
7499
7513
2980
2738
2474
8284
9927
6920
9230
7971
4117
9554
5615
7341
5311
1634
6117
6608
3258
2224
5123
6433
4377
1549
6834
4636
4543
9485
4163
2351
418
7507
1185
1460
5777
5816
9442
8562
835
1888
6594
8471
8893
8981
9085
7475
7454
6789
6622
9403
6114
2853
1197
3467
7351
9869
6233
8803
5028
6849
8313
388
54
3383
4632
4489
2985
3655
8750
3203
4161
4471
8237
884
4833
388
1034
4212
1990
8887
8997
5582
5848
8531
2933
5647
822
9914
8666
5104
6287
7527
9579
3111
5976
6489
4635
4249
5908
3357
7609
1000
618
3914
10
5058
3262
3887
5896
7053
9953
8563
361
6470
5611
38
4922
6742
3778
8827
1073
2108
1403
7395
1161
8316
7150
1871
3734
7216
8147
343
5589
3521
6513
5049
1248
678
8193
2719
9027
1514
7062
9059
4768
9472
9393
9287
193
6360
2730
1285
8246
3959
7989
2562
2400
8295
3674
5244
6891
3593
4163
3767
9576
8633
3456
4648
2275
6952
486
1472
9561
4065
8480
3387
5041
1548
2924
2643
392
2154
7634
4222
2630
9632
9721
2034
3809
5912
5049
6568
8046
900
9409
1522
5363
5508
1377
8176
719
7961
8085
7832
8911
7974
5373
789
6190
6831
8291
8487
6966
1193
2203
2272
1949
7436
2072
3653
2796
2536
1384
6671
8058
4220
4801
9998
5299
855
1199
1363
5397
5020
1285
4573
4600
9518
6472
192
3681
6315
5384
2417
6918
1614
2960
6443
4887
6314
4529
6396
9926
6823
483
7147
3645
1269
3630
5473
6851
9204
2418
1309
4828
3859
2560
888
1275
4589
5460
9676
1163
4872
7479
7738
9521
1935
7383
6305
7187
1504
5074
8101
3529
3831
9441
7875
6367
459
7236
6221
7590
6635
9496
6191
6610
5915
8604
9781
9319
751
5216
3565
6922
4679
3101
5803
9537
4146
8113
752
8244
299
6950
9277
8391
6863
671
5103
6265
8280
7001
2156
5329
3534
6622
4446
8781
1947
8777
570
6988
5709
6888
769
9380
289
2276
9821
27
7990
1972
9570
9584
9176
5338
8078
5262
5057
133
1112
1984
6176
9799
6644
7497
2321
3118
2039
6541
2386
4709
6671
5775
6871
8676
9460
6256
7741
9679
6004
1853
7123
7083
1378
8610
8861
1891
8626
7673
9317
1353
6583
9705
8096
1516
2254
4074
3490
5588
4311
6566
6797
6811
3114
5819
2288
8586
4964
2725
901
9208
859
3914
4453
2912
4394
6081
9349
9012
9827
4753
2611
7488
1747
3134
4824
1049
9930
4982
9953
7002
4702
969
5890
985
4370
2426
32
3201
221
530
8011
2433
8762
9470
5883
7612
5094
2475
1788
3802
9206
7795
9653
3654
3801
9141
8136
9403
3603
3793
3502
2120
5682
7774
6417
347
2251
6970
5393
6661
8576
8159
8520
2481
312
3419
95
2881
2189
2801
6730
6293
417
1631
2810
8756
8749
5038
8108
6465
9656
4266
3021
1540
3649
5431
566
1719
3749
2451
9187
6200
1630
2163
3281
6620
3925
1773
8564
5050
7311
4536
367
6155
503
4787
5193
9881
6645
1003
6970
9610
7254
7302
6056
9617
6646
9059
1814
8097
5582
7833
2692
5347
1063
1556
1077
4813
5158
2099
746
1126
5948
7501
7759
1676
5187
4714
1407
56
4340
6242
4587
2901
7228
744
7710
5628
5601
7400
3617
5
4173
5721
9413
2868
6552
8106
4880
2153
7098
1850
6537
3223
9695
9547
3217
4441
1557
748
3684
4481
9744
2848
9642
7501
7734
3628
4560
5670
1221
8925
8491
710
476
7017
4098
7987
8387
9331
1481
6413
7330
4009
8709
7998
1094
5906
7679
7039
6142
1423
9256
364
6719
2309
7421
8113
2369
2895
2751
881
8965
3711
1380
2422
380
7896
1506
451
6816
5145
6960
4515
850
8004
5028
9854
941
3671
5242
6407
5172
8336
4507
9808
9448
128
1320
9411
6985
9339
8697
8908
6388
5180
9258
9403
4467
1358
8738
9559
4359
6319
8731
1547
7454
5143
2330
5155
8612
8645
1107
5629
6107
6883
5440
9116
754
6913
458
9619
1945
4482
5714
7008
9016
653
6591
8992
1150
3489
4604
989
6802
9073
6639
4671
9027
6766
3658
2038
691
7156
5320
2008
2385
4025
112
3545
7262
6852
5345
3883
2478
7479
6596
5670
1613
6721
4925
3695
1188
3458
5952
1484
9825
1115
9457
5903
5296
3285
2887
1975
7364
1493
7325
1632
4224
3807
4983
2890
539
9842
7638
2407
9501
2355
4300
9528
5515
1495
1914
2076
8965
4977
1646
8966
8816
3939
5975
4737
8695
7743
5010
2495
3931
1110
9812
6374
4067
5476
8792
4382
2574
8294
4213
1543
7292
5439
1077
48
8978
7820
9162
5575
6257
5641
4671
9800
9294
4234
8148
5185
5914
6334
5186
1638
2999
3329
6300
4471
9849
4540
3501
7464
3303
7112
3363
8765
1226
8240
4346
9768
6987
5626
8468
5892
4792
5019
1744
1091
5191
3897
8669
8934
857
5803
4151
2891
5006
4989
2815
9519
2422
5670
510
7507
3372
8780
4366
7220
5640
3151
8636
1502
3750
8871
4227
6498
3605
4304
6443
8152
6885
7252
2489
1677
7443
9057
8656
4880
2718
4873
5718
9563
1059
3258
6926
5524
8385
6904
1503
5773
7539
2735
3875
7006
631
5919
8629
3481
6428
4075
1413
1895
7624
1418
3204
3022
7347
5729
4404
5053
9696
1123
4848
8978
4692
7936
7355
6828
2516
6276
3609
1676
5658
9328
9150
7072
7012
2924
8463
6417
5861
8556
1441
2283
9241
9242
6833
6336
6180
4048
5119
1580
4380
8313
9791
2686
2252
2962
5491
8961
5092
6806
9877
4414
2419
9143
5377
870
8382
1243
940
2455
1590
6610
9799
5712
2827
6675
2054
3913
9631
962
7889
7173
9319
9015
471
8044
6723
823
6043
6842
4365
4687
502
3713
147
532
9318
9407
6738
2004
4719
5071
7975
3012
1970
2621
4922
2028
8994
2971
7598
7400
945
654
6626
3990
5246
629
4690
492
6957
8659
7435
6340
3152
2695
2454
8119
8533
7175
4306
444
864
1164
6941
5703
6108
3215
5402
4676
632
3598
2276
5160
3199
3910
5703
3837
9312
6119
4362
7720
9158
8981
4723
7552
1111
994
4715
6553
3242
6795
9932
8610
9019
66
2467
8827
8472
6919
2191
3698
2266
3027
5094
1141
7289
9280
8535
837
6096
1666
2864
617
5922
6350
4820
4603
9131
7099
8829
9301
9899
1394
3218
4586
9735
7363
6294
5943
8219
4527
2280
2796
8553
5755
8136
5204
3313
3454
7835
879
574
2200
1891
8293
9069
5746
6245
7340
9637
6139
8634
5018
6785
2124
5179
1969
7229
574
1143
7201
5353
4715
6947
1062
4098
7938
3105
627
920
1844
1520
7019
7135
8447
9438
181
129
4049
4413
9142
7320
3638
4886
839
8201
2047
9709
3758
9300
2394
1324
7675
4994
567
9188
8001
7682
6868
2023
8222
3308
5992
3706
3995
8987
5675
3694
9792
4976
757
4080
9822
7541
6628
1557
18
2298
520
9189
1232
1584
5786
5963
9574
4832
1482
4906
9831
4487
4841
3421
9007
4128
6839
5077
5840
9502
8232
6814
8903
1276
5060
1997
7147
973
2542
4152
6962
4378
7302
8938
7361
5063
7736
4422
3118
6134
3897
9481
7339
9139
5987
8061
7182
7993
5542
8612
378
2873
4833
5649
9097
9520
7799
3341
7367
6373
4172
7169
8572
4618
6238
1232
6793
1244
7058
1254
9364
970
6097
8461
4015
7883
3834
1144
7242
7066
4239
9757
8026
9886
3992
845
1568
9667
1079
9882
2452
9649
2065
1112
3982
976
2452
6025
9913
4621
7905
7056
4219
850
6697
1229
2786
8041
2845
8874
3989
1105
1039
8156
2414
6747
3566
2115
6707
1026
3778
9984
2737
9528
4505
2023
9229
5806
8416
1967
930
7991
6278
9482
120
3538
881
6334
6415
9479
3966
9198
583
2817
9172
116
5405
6822
5507
3593
6359
6233
1659
9260
1332
9058
7947
7226
6616
4780
1943
9953
3811
7480
7578
9249
6162
5437
6202
6887
6003
6289
3426
1767
3658
2541
2289
3686
6691
4944
5413
391
7446
5614
9216
4567
820
6666
2145
874
1065
7409
494
984
8706
8418
381
5938
3554
7000
5849
1336
9718
2519
6783
5739
9635
7724
6264
7664
2729
1319
1356
205
6116
6465
2446
7942
3404
9891
8719
8964
8151
6858
3514
9088
2086
6830
5673
7891
6306
321
7502
2764
7015
2434
5798
4367
3684
5417
9924
2422
625
1336
3469
7778
7157
9087
4660
8819
7931
1167
3590
7471
644
5117
9325
4085
8226
3120
9348
7337
4527
2502
8705
8124
3220
7865
8982
8588
6002
6836
3981
5877
8399
9358
2250
5109
4586
922
2992
5559
8395
2524
453
6879
9230
1199
2684
4713
2153
5734
389
4501
2217
9105
7289
2556
4743
6810
3687
1405
1730
6587
7591
3387
7756
2340
9476
2807
9855
3015
4568
5267
3137
9788
3062
6284
7317
8418
2699
2010
9598
7452
5025
5175
7624
2115
3163
6644
8492
2383
7642
3910
6192
1631
6025
8835
8721
4588
1893
5229
196
3504
6629
5565
4116
714
3185
8092
3664
7187
8082
244
3665
9494
6769
1721
6288
6094
2629
7803
7604
1316
5002
8524
2623
9903
5699
9751
9328
1558
80
3045
7436
4663
5968
4253
733
3390
9976
3036
8405
8295
9997
5091
2019
2634
3157
5677
5138
8257
1488
6967
6421
7944
8723
8826
9340
1361
4974
8925
5016
2829
1916
1079
5167
7559
9306
7410
3700
2690
397
5565
3508
3480
8206
7061
7380
5960
6576
1015
7939
1457
2963
7620
4178
2295
3313
9407
5649
3463
3487
2149
4737
9821
6404
4497
203
5130
4824
6321
9445
8707
2782
2395
7833
6678
9549
500
8195
6249
1006
6581
7378
2980
9618
1072
4348
4884
8482
6140
3985
4763
307
4947
469
7641
7042
1323
857
3763
9829
1745
9546
4018
3662
4091
9306
2768
5918
231
4207
9550
9422
9849
6098
2327
3477
9114
147
6873
9369
8808
1370
6329
9281
7293
7478
1601
9351
4172
9162
592
8636
3851
8944
5262
1866
8422
7647
7945
4169
4638
521
3090
40
5267
2489
8525
5859
1031
3686
9277
9609
9210
49
5502
727
9322
7041
3304
1223
8561
4753
7368
9739
8175
2307
461
79
7769
9375
626
1003
2035
9796
1774
7236
8152
3892
4324
7265
5073
4828
1593
6418
9271
71
2480
2825
7289
4670
5682
7063
3949
4547
9079
7233
3440
9123
3896
3329
9193
6370
9712
2736
7402
9536
6169
949
4004
1477
1986
6319
3393
315
667
166
9221
6878
882
4936
7778
5406
4235
8203
7322
1913
5619
4877
7039
7344
8736
9075
4451
7743
7151
6820
3584
3375
2347
7399
1383
7907
4525
3093
795
1316
8266
3921
6406
3837
3059
4829
1704
9396
8611
8158
8041
3753
3667
1262
4707
3484
9653
5883
7308
3729
9574
5066
4764
5369
5259
3779
4218
2350
5156
1318
7047
8722
1316
4804
3907
6289
4758
658
26
1539
4152
3603
703
8479
3521
2968
1642
3139
8446
7069
2160
4973
601
3587
1262
1546
4769
6252
1595
6116
8900
9939
7286
2647
1830
2613
7354
9128
6474
2244
6317
199
2990
1799
1427
2526
2829
4141
3855
1032
5581
9651
5047
1260
5535
5445
6717
7477
2769
7266
7627
3594
2955
5744
2903
8017
8980
7430
5459
5399
7691
7756
3291
2413
6043
7582
1730
6044
9988
2534
5805
1598
5097
1487
6087
2667
5756
3197
8304
7807
3704
6825
9983
5179
8744
7604
6338
1248
3380
3882
8740
7474
724
3644
3206
442
9819
4878
7063
9898
5138
5136
2165
8089
6801
2493
4452
8514
5158
1354
90
6815
5783
6234
9976
7316
255
4375
5965
1325
6915
526
9706
2126
7383
6725
5886
4358
435
4199
8660
591
8143
8267
1460
4125
7946
5347
8586
1607
8229
286
1543
9299
9825
6830
1992
9005
9556
3514
3946
5263
8856
9410
4890
6182
2352
1708
1413
2813
3923
2106
8641
436
8148
518
7209
9825
2625
245
6356
135
9351
2233
2780
2185
7808
2874
5721
5753
1666
5293
1431
497
7502
6453
5242
4640
5941
1644
42
2019
9434
8958
4335
3120
8551
3771
4819
3461
9698
9698
1033
2192
4809
7877
4679
3292
8287
6336
1711
7197
7741
9931
731
9262
9556
4974
4729
6348
6212
4662
1806
1926
438
3706
2780
1774
5953
1983
9098
158
8366
2291
4056
6010
550
4267
7097
2852
2566
2894
9234
536
5769
5893
6771
8593
9712
795
5230
9423
5634
6280
2322
1976
5693
6670
9748
558
6884
2351
5115
3718
7243
1430
5122
7046
2401
8021
5348
4927
3529
9558
8154
861
1058
1101
8863
7154
3629
4405
5196
7430
2249
6244
6425
6072
6641
8640
700
5214
2252
5473
1872
4971
7555
5001
221
7875
6531
2413
6415
469
6497
7808
3985
9412
4682
9039
6967
6441
4424
6684
72
7883
2725
1252
7651
8787
9279
8670
8237
3455
7897
9932
3103
3333
3302
2800
3594
2173
3077
5174
3341
1305
9542
9611
5162
6194
3559
6146
7896
1837
9081
5573
8309
4265
423
2079
5075
5783
1081
4608
5595
8365
3115
8052
2163
4120
5147
2554
6647
3100
7619
8948
3270
5063
8126
3687
6249
6023
8576
120
6445
8876
5118
7164
4973
7941
6282
4580
1507
8246
3615
5833
6407
2226
1558
1066
1293
9807
9499
8053
6838
2881
7297
9427
7123
2839
4836
998
3946
2563
8699
1243
6546
9305
2014
1421
8740
2374
1542
6878
9196
8115
5226
161
9553
3988
3531
3706
4201
419
1271
3422
3180
3979
9548
6166
1212
3910
7202
1215
9881
1637
6678
8478
6199
7244
3406
1495
7708
9374
9061
6406
492
1713
8531
2970
5725
8310
6586
4695
6357
1516
5230
1398
1200
2191
3712
5982
4316
9290
2639
1882
9284
8546
487
4048
4022
2614
2287
9017
4978
2766
8610
629
4253
4370
6291
47
1993
6221
9839
1730
4502
5862
8925
7381
1305
3845
7548
7049
8142
1894
7047
4672
8312
1119
4723
856
290
4680
5538
3690
2583
9189
2365
9373
9778
4082
673
4893
3777
9284
7970
2473
4088
1712
7919
4089
946
8613
2218
5497
273
7423
1764
4800
7666
2625
9796
9434
1858
1725
7204
527
1776
3406
9767
3543
3225
9786
5118
2773
7992
3315
7406
1772
6354
5383
1788
4372
5650
2998
6000
3796
6548
4117
3509
4197
1552
7058
4924
6351
4067
1676
9511
1093
9211
5627
1820
5253
1110
8213
4531
6207
5832
7471
4243
5652
6983
1320
987
206
9314
3411
5591
3201
8771
2999
595
5523
1449
7501
4345
486
1029
4425
3966
9235
2132
7145
2725
6707
3571
3828
3867
8134
8819
5189
8927
3325
885
6827
2919
1081
2508
2534
2023
5410
9808
3383
1322
8029
6115
4603
5461
9575
2816
7943
3157
1667
3900
5945
5344
2620
1930
7126
6723
5012
8610
7561
8819
8018
5755
3135
2013
2108
4403
46
6916
6842
7161
8634
5616
5170
9639
9474
9660
2133
3859
8470
817
