5134
2516
8321
2780
3876
9098
2964
4499
8225
5526
8271
1670
489
1710
600
1679
861
728
4699
7676
9768
743
11
3102
4550
7047
8541
6378
4670
8585
8319
3043
899
4369
1326
1876
372
195
1109
8744
2939
4741
8815
5062
2396
8860
3193
4136
6653
9038
8438
9056
5736
4387
8341
8549
8058
4949
5031
2748
500
6118
934
2614
7025
7687
1200
2497
4481
4087
4745
2517
5829
4841
2917
6775
2805
1741
7074
6358
8308
7555
1113
2191
1970
5688
8461
7546
9896
7107
337
4820
6590
3225
3721
9822
625
2065
9812
8342
5594
9977
9274
6542
9135
7649
1121
3562
6689
6408
5044
7550
7682
7338
7250
9506
543
1685
6977
2567
3062
1607
7970
3819
3383
6780
2724
5654
3141
5672
298
2563
3758
2458
916
8956
4428
7021
192
4106
2943
1266
2820
865
3054
3851
7105
4007
9126
9921
876
8411
1078
5693
6149
1013
2069
2240
9881
293
2288
9201
4370
7050
9650
3977
8454
5699
8018
2407
4786
8347
6359
265
420
2218
1704
6255
7753
1923
6194
3086
5635
9709
65
3087
5846
6779
1564
8323
6991
9109
3296
6222
6722
2981
3858
624
9568
5421
6027
9124
8129
7985
3231
8702
1523
5425
1529
6056
8432
6223
2709
9060
5164
8166
4329
3107
7773
7247
5897
9672
1706
5576
4085
80
1382
6437
468
8661
2848
2957
4262
4349
7973
1565
7324
7622
7560
1106
1359
7015
9638
8666
4599
9046
9438
1462
3919
2922
8054
7763
835
1370
8839
4925
8809
5248
3582
784
1811
3659
7225
7417
7848
9307
7045
750
7823
9563
7538
3478
989
6249
6557
1506
288
3575
9895
5054
7522
2595
1604
5437
5676
8730
8624
3632
4915
4309
3352
7713
5717
4572
7461
7183
9759
407
411
7108
15
6797
413
7629
5258
8015
1260
3916
559
3151
5070
4871
5488
4245
8034
4681
4543
3184
7223
7738
7376
2862
2306
6781
4902
2043
7154
479
5017
8728
315
6469
5811
595
675
4931
7866
158
5281
2858
7265
7646
5947
5980
5993
621
4210
5109
6283
8762
5675
263
1305
947
7561
6905
2033
4945
7757
4541
8861
2637
8118
7140
8132
1253
9937
1215
8114
818
5463
4236
3677
898
4560
8849
6286
747
3417
3236
1755
8164
9651
4447
3889
3775
4401
2254
2159
6996
8982
6860
9773
4479
7869
1183
5030
1198
1147
3023
3387
2585
7952
9433
7624
4258
545
5590
950
8026
2155
3979
253
290
1456
8675
9062
5097
6733
2804
412
756
120
2248
9474
7342
4117
8785
403
7041
3070
702
1879
9963
378
3209
4696
8782
6124
2785
5293
9227
1443
9264
3186
5537
6584
1063
8902
6853
3797
754
5200
4157
1846
611
4649
7536
7085
9600
1736
1777
2561
6238
4217
4874
1216
7370
4430
7581
684
2360
9021
3666
1776
7852
5226
8695
5146
8278
4539
1368
153
4463
8930
2216
1440
6576
6561
2977
5865
1174
2483
622
3361
7010
7968
9595
5316
7609
2379
5579
416
5307
700
1537
437
4799
2770
8740
125
5156
5867
193
2613
4848
9002
9811
4228
682
9221
322
8138
6861
8002
990
6050
2305
5133
7597
5918
4613
5081
1320
6008
3313
292
8301
9431
8259
5116
8112
4693
7912
8863
8507
8802
6354
3430
4196
7548
3455
6795
1028
7660
2715
2797
5386
5786
9946
2060
7958
37
8070
7264
1953
5221
5407
4882
6082
8108
8021
6663
8510
2720
2742
9289
6613
5481
9753
7429
2663
8344
987
4067
9717
8699
1752
4214
8242
4335
1381
7937
528
6177
1967
2717
791
7008
1950
878
6719
8284
2793
1361
8087
3978
8945
4053
9572
7621
3299
6369
127
5950
5142
4482
5632
2182
1414
8525
1887
3947
8808
8359
1611
1944
5010
9272
6639
9529
8333
4011
2189
3904
4109
4021
9798
4469
8175
2796
9853
8506
4326
4003
7410
999
4402
1751
1601
4700
8174
7683
260
8180
5617
4720
2923
8991
442
7213
8178
7000
8555
6430
7215
6800
4495
8760
7065
7900
4972
9887
1136
9188
1403
9147
630
9145
1788
8899
7046
2535
400
1561
4318
1133
869
1252
2452
5024
9191
8698
7801
1762
6935
7739
3347
5013
5967
5155
5260
3213
619
4800
7693
1624
7012
937
3887
1409
5193
9901
3957
8593
7227
8486
9591
6016
3192
8024
5963
936
7892
2952
8588
222
665
1336
5653
4138
8244
3415
9639
6221
703
4974
8726
9464
3574
4474
1966
7203
9158
3975
9637
3232
1592
4675
2279
2968
3020
6097
7386
7005
6200
546
8375
9391
5619
7292
3844
6424
379
9371
1997
6219
9569
6288
2181
4475
2936
729
2527
1766
7190
4024
9813
5210
6536
7245
6833
3398
9393
3266
5019
5891
5274
5520
2239
9678
3016
2766
866
9728
8691
9667
7346
6160
2703
6144
6329
6087
6970
1921
6617
2207
6272
9971
2281
3627
7357
3780
9777
3047
7053
5834
6076
9533
4049
1882
6823
5534
5075
6730
8343
1715
8674
9906
7585
3451
493
3497
7481
9699
884
9509
9410
2664
8710
7332
8490
2448
8376
332
5235
1441
7800
7175
3695
6232
4046
6697
4090
4990
2991
5623
6399
7197
3607
8670
2565
2067
740
8497
8252
6607
4199
9376
8729
7901
8465
5186
4983
6490
2349
7259
4734
4749
8652
8306
8869
1115
5163
8233
5536
2063
2030
7404
8722
745
5409
8909
3498
6893
1891
7234
5559
4373
9202
1062
5839
5174
6950
1214
1258
2866
485
8633
1424
6154
8110
2398
2752
3009
4296
3741
1859
2140
4584
463
8523
8637
2756
2530
4229
6945
5442
3088
2772
4028
8299
239
1853
1412
4961
900
7454
9259
6593
2359
2987
2108
2744
7477
774
7689
5820
2680
9450
8241
488
7797
5448
3258
5773
2686
2674
1992
1092
9174
7999
4798
7964
7293
8743
6443
1738
6606
2462
931
3621
1392
7145
5551
9493
9321
3830
5572
1060
4826
2759
4938
9942
2901
2255
635
9373
8721
6505
3164
51
8248
2447
1842
9866
3690
7733
7678
2738
4460
1311
1532
9442
1293
3995
7808
4123
6978
6644
7125
3168
4345
5026
5680
3027
3483
8286
9576
2803
2733
3445
7229
773
3673
254
9065
6521
5057
586
5418
697
8325
9351
5935
1086
3679
6464
7602
2882
5787
5508
727
7520
2924
8042
8131
5250
140
5144
8144
9104
1749
5737
4816
4216
7679
5255
4837
4270
1484
2800
1994
3466
4423
5325
2178
1712
9341
9524
660
183
4039
7143
7031
8968
5564
5073
6146
1337
2571
2826
5667
3655
8167
8615
6457
7696
7743
7039
1004
1124
974
932
213
2552
1808
2648
5915
2656
10
3121
8996
5311
9767
810
9784
6881
1945
6984
6572
4971
3229
2401
5277
6460
2883
3964
2609
5856
406
9071
9140
9241
5239
2491
2024
7615
8068
3588
6057
1143
8705
9004
1075
5718
5596
5152
6925
1180
9982
5408
7962
4650
1525
7510
3577
168
3123
790
3069
2217
4526
2453
5605
3261
4910
486
3474
5678
8134
2813
5001
5525
7948
9966
5761
9985
7488
7841
3039
9417
5060
6585
3382
1794
3688
8898
6489
9150
941
4390
8711
5569
5618
1520
200
5673
7794
9170
6744
6245
5627
2413
6753
3785
9955
4243
2128
3866
2375
8287
7540
1439
2124
8168
5190
3486
6318
1645
2929
3346
4367
966
7474
7785
7162
8103
4991
5374
4787
2457
2928
798
4551
4839
8971
1049
5732
699
267
8767
5582
1349
7114
9565
1813
1783
2611
5384
4979
6737
5735
6953
3273
9879
4432
8362
2859
139
2488
6821
5843
4726
1927
3743
8543
2038
6732
4064
3976
405
5505
6135
214
7273
279
6516
1792
4872
8067
4835
6680
4450
4146
7168
6734
4272
3246
445
1127
5107
9
9327
7835
6554
9390
7055
7778
5085
758
3370
710
6018
1431
6721
5798
2173
1229
2861
3190
7305
5991
8122
8275
2220
9719
6111
7097
2242
7926
4582
5985
8838
1313
5432
9232
3363
8361
741
9101
2460
2421
6068
353
9379
5586
9114
6043
5890
7043
8146
9178
2099
3886
3903
9697
6184
7777
4705
9686
6927
5887
2130
4847
3637
1681
4656
5903
8011
274
3149
857
8086
9804
1364
1784
6692
9808
424
2313
9968
530
3396
9939
5364
5747
1760
8251
5308
4525
1780
9593
4861
1910
8389
939
1502
9695
7320
718
8659
1711
5689
5666
5601
5326
4873
562
1236
9164
398
204
1451
8755
2560
1925
5529
5244
8073
9176
6152
7877
2082
1264
717
4371
7929
5245
6088
2504
9786
8496
451
5923
5495
7507
5956
9193
4285
9276
6941
6213
5045
3541
4506
9707
7862
9505
7331
9636
4417
1748
7880
3178
9462
4079
8851
4467
83
3493
6165
7199
8601
7931
3357
4483
2573
8093
2456
7270
7876
3040
2897
9721
3338
5220
2704
4809
3366
5399
9236
4855
2810
7706
6738
9358
5055
3129
4867
9980
4846
8218
4307
3063
3185
1206
4352
9161
7963
1963
1199
8619
4731
4676
8038
155
382
7263
5175
7947
5720
5812
2777
5199
3101
9263
1070
6033
3665
4943
637
3091
7641
1505
7038
7767
1375
1533
9496
8304
2502
3959
5555
2356
246
4664
4919
1472
5517
554
2271
4454
3841
95
8858
3865
2660
9473
3938
7643
8813
5467
4498
313
2989
2287
1558
9446
7686
1351
5459
9389
6052
5597
8159
9265
2262
8589
5272
8078
4419
3917
3568
3601
5427
7473
3548
8210
8682
6908
6161
1856
776
6345
3473
858
640
6270
7366
3010
4197
1286
1380
1210
8404
5921
9223
5021
8617
9752
8102
803
3868
4725
9383
2164
3155
6209
7367
9324
6705
3994
3749
3991
5485
6295
4353
6136
1415
9965
6798
383
8406
3980
291
4625
6241
5321
110
4933
726
134
3872
4674
2246
4319
8266
273
4198
1280
180
4473
3712
6731
5194
1503
7191
9860
318
5643
8255
3011
3636
5764
5094
4658
7487
5788
8765
8088
7080
5401
7927
2992
5096
9745
9423
264
4235
2303
3329
8622
652
6475
2875
8694
6587
8685
6812
9564
418
3399
1582
1452
2394
8922
1142
903
592
4593
5671
5330
136
7182
7894
1230
1277
5002
9865
6895
1005
1976
7896
2168
6246
9008
7875
5225
557
504
1640
331
4456
2186
2510
6963
2734
9463
650
6039
8754
428
8050
9258
2119
6540
4532
3499
9283
3683
9575
1510
3746
9849
9398
6065
9991
7665
1420
3702
8768
9498
9384
7544
9536
6013
4110
6500
5479
7707
9346
8332
8379
3371
1961
930
4940
7730
6368
1434
5414
5378
3404
1426
6876
927
3873
178
6341
4455
5814
3355
5835
2333
5472
8013
6452
1638
4494
5440
4869
4281
6879
4211
1068
8141
7857
2902
1058
9688
7281
2995
93
5205
4042
2645
2496
2690
6913
9136
6123
117
2073
3104
6403
2135
5212
8445
9915
1348
5273
4758
4609
4569
4181
2576
4223
8171
7586
4567
2546
1747
5033
1865
8435
2302
6723
5444
1815
6314
5006
172
6336
2304
2268
8811
1379
8693
2105
2472
3394
5640
6026
8262
3765
2420
3864
7760
8554
3857
8634
2148
6064
476
6531
8706
4060
6394
6999
5456
2789
518
4140
283
6810
7584
9725
585
9714
394
7653
6211
8604
5453
5580
4651
1372
5206
8048
3402
8913
2737
1826
5499
3800
9519
2032
6435
2461
9210
2815
6564
4782
1356
1753
6631
3158
252
3900
7026
7556
4413
6829
1660
2442
4805
5685
7516
3557
8565
7719
5015
7167
4544
3623
7211
5650
2083
8297
8183
8111
7420
5543
7032
3115
8045
1222
6850
3051
3726
9788
956
3740
8635
2612
6966
1850
1654
5127
4677
5227
6649
912
3288
4470
8805
2536
4950
3494
4697
3337
7537
3277
5697
4766
1509
4986
2208
6134
3126
9152
4894
6202
7285
4854
2973
367
5231
5297
8378
3624
1333
7060
5815
9226
2185
8125
678
4416
5541
2423
6257
3722
3180
5350
5502
2064
7737
7923
2382
8191
399
8500
9133
4165
3435
6544
7089
5340
8641
2367
5312
1470
1511
6216
2176
5692
3240
8576
6728
121
8501
352
3930
1512
5509
2931
5620
918
4322
1543
1547
1998
6353
5137
256
3182
4614
9111
1402
2692
4710
5628
4727
906
2519
4202
2933
4104
5998
9583
6094
3535
2321
3335
2161
2716
9320
6305
7137
799
5841
4662
151
7709
2590
388
320
212
9560
3390
4111
9632
5125
2635
4351
1146
9723
3197
5683
4014
5802
7879
3211
4457
2144
2174
2773
8380
7242
6228
6624
146
4394
2771
7401
1804
3875
3426
5883
6831
4395
6630
2492
1587
5884
5631
8314
2049
4683
9863
9230
5140
4702
8492
393
5766
396
3630
5415
6381
2578
9031
9372
2900
582
7301
6170
2851
7003
2524
4175
7549
3472
77
5262
2280
1603
2403
3730
1731
7371
5914
2644
2757
6451
5763
3595
4001
4806
6248
1383
6188
7748
4115
4804
5528
3421
599
5566
9006
3369
8643
2041
5278
979
6887
5113
9387
2541
3362
6493
3317
8512
6243
8960
3136
9925
996
9421
5263
447
764
6010
5833
2337
8681
1390
2441
182
1053
2775
8357
1825
4015
6614
220
1764
8778
1355
770
753
7724
9305
8446
9165
3428
6029
2308
9303
54
8422
8449
4069
8528
3602
786
4646
7802
2459
4606
5759
3005
2339
3532
1102
7256
825
4956
306
3861
6386
3643
6204
6173
7195
6483
8725
8387
3847
8892
1985
3550
9513
9832
9108
7934
7920
4133
4219
5129
2319
5029
3753
8303
9166
3855
6141
604
541
4268
8434
9820
2564
3264
6651
4047
8888
9950
2597
2197
2355
1722
2121
7789
6625
1817
1444
4843
4397
9168
8495
8223
9504
9205
886
2283
4934
2002
1130
7628
3954
5050
8030
3569
6478
9727
350
5591
4777
2476
5368
3036
9441
7648
2129
2006
4448
7553
2853
3032
5585
9483
390
9829
3169
9018
1406
845
2062
8831
6193
196
5159
431
4225
7890
3971
7070
6247
6366
3490
9066
2792
795
2468
9453
9702
7485
6857
9093
9815
171
3397
8949
7136
4274
1703
8753
7593
6994
3118
642
7971
9448
4823
5716
1098
2311
5695
826
1720
9296
8489
3138
4509
8748
9561
7134
1548
7325
3024
3788
5889
206
3803
6011
3037
3458
6458
8428
5612
8046
5796
9994
1339
704
7128
2411
7873
4518
8547
1056
6897
8654
627
1480
5739
3533
4616
9151
9246
5185
3846
5169
7935
1836
4218
7496
8642
8850
7124
9085
1791
38
6230
6079
41
980
1818
831
8095
3359
629
9416
147
3260
4200
3108
9704
5706
6646
7365
7815
7698
8628
4078
373
9268
4565
215
4380
4707
5972
8819
1709
1893
3511
4013
6701
8229
7416
9590
3215
8066
8942
633
8818
6075
2100
4315
3965
3469
66
9444
9941
6488
6139
4669
3491
9132
8416
3146
8889
5888
8783
4327
6224
6508
7465
7764
3253
9957
3507
4686
7667
1849
8360
4341
3799
5661
7369
4328
9824
6597
3815
1644
129
7348
9255
5048
1581
8939
4361
8527
7527
561
5036
6530
7562
9177
1447
5647
5392
9914
4057
9175
9885
653
6802
8139
5621
6480
2205
7414
6600
3125
8165
2249
9063
4834
1626
244
3806
5657
2035
143
9705
6907
6442
2025
3921
4895
2824
5602
8933
9654
4793
1707
8551
4995
8202
2817
4552
7541
496
3372
4642
2052
4733
3275
2958
8513
391
6159
6472
1397
2705
2167
4239
6240
6909
6397
6022
9427
4493
2110
9880
4255
9718
2506
7294
9952
9644
6947
9088
5871
9974
3508
3050
4887
2779
6085
4660
1485
3339
5276
5745
5292
7318
4294
676
1993
2606
443
45
1176
2162
9693
894
5422
8763
8147
552
9909
7991
6549
4912
9039
2430
5767
6928
1003
3077
6944
5563
166
2427
5854
2668
2622
5102
7224
3030
4466
9521
7863
133
942
1065
628
2967
4208
8277
5318
2088
8059
2655
9701
8482
5727
1378
9782
6786
3699
9556
1178
2434
5103
1369
7861
9186
4191
4711
6759
9783
5994
1901
2944
3292
26
8364
5560
9050
8511
2405
1295
1170
7998
435
1942
2380
4099
4791
9823
9907
1438
70
4709
5859
5558
2175
2075
8421
2856
6975
8845
1322
9931
522
9764
1054
2778
9911
7551
6538
6884
2868
371
9100
9273
6834
2141
4388
461
9962
7747
6633
2425
5361
8264
7014
4178
7139
1597
1430
2983
924
9290
1674
4893
5895
632
8235
8016
6848
3167
7316
8683
8307
5730
3073
949
1871
9856
667
6841
1478
8351
1536
344
3495
50
1157
4831
7144
524
1971
7351
324
2543
7932
7302
1429
9413
3838
9403
6362
6126
9972
1763
1873
1034
844
2966
230
4008
1002
967
9870
823
2180
6133
2487
3085
7855
9045
6524
5506
9419
560
8534
5547
17
8745
6128
5931
7990
4082
7262
6334
4316
8573
3191
5944
8921
9998
6785
2166
6648
8451
5360
3544
2282
6244
9095
87
7198
8192
5341
1991
1358
9481
9992
2358
1249
2624
4975
8143
1631
4836
6162
2136
7239
6581
8639
9846
4788
8843
1496
6179
4992
5039
211
6391
59
4120
871
9487
8080
1308
1975
2127
5930
5968
1735
8479
1081
2495
6973
864
8209
666
5700
4508
4179
5911
3471
2077
8276
2769
8932
7413
1423
2274
2608
7049
9248
2801
8240
1449
1185
8852
249
5540
1421
9465
6181
5979
2383
7315
1218
165
5009
3028
4617
3914
8074
1347
2812
2809
7759
3856
9954
4742
7758
1863
1407
197
631
9215
6578
1830
1340
2149
7392
3328
386
2293
8000
7572
3934
1165
5291
3937
925
6396
9233
1465
2244
1301
1875
2846
3344
5503
9792
5837
9570
226
8418
2092
7283
8827
5303
5748
4856
2871
6296
596
5345
460
5270
5694
3195
8005
5294
8415
1400
6294
6319
4391
8377
4652
694
7449
5875
9656
8505
2372
6364
3227
2437
3419
1213
2341
6100
2741
9514
7864
2739
4264
2993
339
4092
1839
4721
752
2113
8269
1989
76
8840
1192
452
1220
9769
955
6406
4540
9364
2706
4519
1894
1162
4147
6664
1418
8621
4259
8388
4897
362
3206
1661
8696
3130
5999
6546
6743
579
5111
6349
9129
2652
9624
8384
6028
3479
6836
363
4453
5616
6348
1345
2683
4524
7854
9739
6360
3071
4761
7102
7345
3969
84
7725
9055
846
6434
5496
5037
8526
8468
4070
9488
5749
2830
7101
90
9479
928
4358
3567
2196
1805
1087
9771
9708
5705
1139
1001
3348
2684
4180
6541
8085
3805
7788
1360
5393
5658
9523
8966
375
3912
7831
2818
7953
8940
2526
4774
3358
707
9596
4586
1468
1514
2046
7651
6323
6656
2566
5391
7438
5198
1958
432
5162
1758
440
5710
6811
427
6866
7186
5402
2165
8680
9208
1938
7219
9675
706
7716
4152
6389
834
3096
9087
2489
8370
8895
5954
5314
1576
1173
815
907
4779
6685
8350
6862
4089
4458
6684
75
6326
8583
4953
6772
4998
787
6543
1864
1499
9611
8177
5971
2206
1466
7570
2116
2370
6507
7519
969
9819
9173
8353
1428
328
7606
7078
9445
5309
4980
3710
6615
3222
574
2266
1701
8032
335
5353
797
7838
2869
9454
6035
4704
3189
3259
4244
1671
169
9552
1580
9696
4234
3892
6954
4378
4748
5477
2894
6700
6456
5084
4891
5791
3506
225
9741
4884
392
1287
389
2449
1393
890
891
2581
3053
670
5079
9801
6121
2493
5587
3250
6495
4712
6503
2199
4154
9924
636
3013
7793
3528
573
8194
7495
9306
6583
3652
7786
157
9329
8207
2920
765
1461
7565
7035
4771
3686
8770
3012
3106
1014
2998
1156
5404
275
5484
9447
848
4534
8044
1600
7189
8780
6183
948
8587
2137
102
1739
3267
9420
8227
6979
2034
9317
9381
7205
6110
7908
1575
9836
6767
8480
5831
9682
7336
1111
4765
7209
9282
7106
1341
6702
9623
6387
6699
9466
430
1090
5962
8519
1190
8650
1714
1376
30
3697
1765
6242
5128
6069
8630
8954
7002
8155
188
8951
1239
6072
5390
5336
7807
2961
9131
4631
3560
4890
3198
1905
5974
3127
3768
9167
767
487
9011
2390
3985
5740
5412
3814
8911
9009
6261
3584
8260
4566
8992
7639
2
8620
9537
9270
1023
7702
779
4623
6965
1027
8188
6571
9532
9567
5573
9871
2617
2646
4655
2350
5310
6694
813
4877
7468
2011
1018
9115
27
2235
9128
4898
9785
4568
4246
6237
3955
1726
6104
9973
8077
6641
2666
9661
8216
615
2028
8282
261
713
4058
4657
5577
6474
6195
5279
1073
9736
9996
7360
2000
1117
7364
7408
5388
1416
2587
7394
3017
5458
7056
3784
6140
3427
3300
4964
1936
739
4062
9486
3927
5771
2209
6178
8097
6077
6365
455
8557
9304
9658
2013
9810
6414
855
1596
1282
2965
4056
3150
3878
9703
9001
564
7870
9692
341
8203
6259
958
5222
843
5365
3291
2050
7720
1578
6265
7335
3214
6877
2513
9033
1545
7897
517
2864
9430
5181
7662
3552
4249
48
7631
5468
4141
6392
6168
4461
7129
781
167
1182
7887
5436
2675
3171
6566
6142
2728
6539
9625
3326
3622
3165
5359
3464
9789
111
3931
3711
4838
397
2589
5476
8049
8400
2877
251
8234
1663
8887
7850
610
3420
4406
4317
1107
9319
232
1595
3057
2366
7826
5986
7818
3696
2849
5827
2026
7319
6926
5446
3736
9256
5532
9526
7344
4808
4784
8875
1696
4159
2823
5056
1404
4970
7983
9366
3238
4578
8035
7303
9485
7513
9254
228
351
8571
198
1550
1851
1723
589
2714
3894
9772
9279
3883
4183
5952
6983
9401
889
1196
6687
2723
8562
5523
4976
132
2027
7502
7710
1947
7827
1979
9203
7111
4313
9044
1410
5011
5920
9144
8187
92
5480
5690
1756
104
6793
7911
6711
7355
5265
5355
2126
9361
308
3646
4297
6485
4780
8623
2507
1061
2688
5154
6870
3953
3312
9528
840
1716
2020
2996
5086
7363
3935
8413
1507
369
4442
7217
1038
3915
9052
8916
9026
8976
7419
3481
8027
7158
2435
149
6191
1160
7604
3220
3234
380
8261
7231
6930
6842
8796
4424
688
1175
6098
7261
7173
2005
7279
9079
1459
174
5256
3714
4577
8300
5462
7677
8298
5549
1713
9566
4583
2247
9979
3983
6650
6066
8646
4744
7500
3094
7975
3578
3943
8553
7668
7287
9048
805
1145
3354
1101
4913
9628
8420
6367
9851
9599
2299
6407
480
360
6180
1982
5942
4630
4811
4238
7969
1524
2888
2511
6661
9397
2132
5919
3156
414
3888
7751
7091
4673
8109
9850
1238
523
7184
234
872
2570
3759
8658
2270
8483
6889
3877
8398
662
3944
7288
4985
7347
6592
3153
3763
164
7314
8747
5246
5195
4048
2179
4365
9328
4189
2574
6794
8773
6479
951
4488
484
1937
5461
3188
4690
4005
8766
4305
5112
646
5397
1551
2334
3441
1022
4641
5238
221
1233
7240
5754
1144
8924
7616
601
9573
4946
9213
9862
9796
3162
8906
8453
3433
3487
7159
4445
7383
96
7775
1331
792
5614
9068
6919
141
5953
4405
4756
259
1203
1292
1594
8653
1838
8369
7888
5315
5177
7858
6665
1686
7061
3006
6626
5302
9238
4547
9734
7295
8979
4924
5793
2322
4132
8062
498
558
6885
1008
6997
2588
991
4629
1371
7782
9588
2604
3664
3509
6989
1425
5801
2725
1363
2699
8477
7779
1954
3282
3142
7820
6278
9947
3406
6755
3901
3434
5313
9130
5961
3388
731
5237
7592
8915
5420
698
4963
1959
1742
7618
4066
8133
1442
5698
1964
1667
3706
3501
6726
5344
471
9163
9710
9000
9748
312
8515
7339
1040
506
8673
5160
4685
3324
654
7066
3181
9003
3836
2745
9261
521
5928
9861
241
5147
5844
836
7611
1207
4795
8536
5259
8173
4269
2599
8081
7433
6628
2200
9530
5290
4600
459
8790
4973
3735
1527
2071
3571
9618
6668
5715
4968
7300
5327
6757
6081
3081
5733
2562
1118
5649
6020
3439
6078
8897
910
9030
4626
4821
1119
6102
1719
78
3294
3452
4865
2241
658
4271
9027
7928
5268
1665
4928
2029
3007
1939
6612
7943
5490
6519
9197
3929
3080
5454
701
3159
8651
4287
8385
5216
1080
20
6675
1377
7122
9211
4868
8219
8741
8409
5377
5959
6398
5406
2654
4094
2112
5184
1990
9207
5828
8981
7907
4916
7905
3764
5252
1916
8978
6324
2201
5992
5818
519
7147
5778
9336
436
5531
3854
5474
3547
2765
2093
9325
1457
7924
4010
3716
8237
2004
5836
449
8584
796
5357
6815
6153
2719
6199
9367
4113
4135
3179
2935
8833
8367
1632
8880
4803
5546
9766
4830
4172
5267
8008
5633
3723
2662
5941
6709
5976
8835
5035
8509
4618
7843
1549
5866
3587
4828
6157
6642
3617
3946
5149
847
7390
2147
5864
5609
3778
1045
6852
8140
4033
1243
672
295
4679
3849
5317
7011
6594
3224
7845
2677
3316
1012
7723
2626
5038
9754
6674
3446
3669
5211
5538
539
7163
6586
122
2633
9334
6657
4074
6482
2015
9374
2097
6958
4881
4184
4665
2539
7917
3654
7994
3924
6718
6537
9475
4689
1051
1981
8788
5934
4289
705
7084
6432
6658
5849
8041
3684
7378
8640
5305
1508
7798
1917
5223
8665
2575
603
91
6575
9910
7955
3863
1491
975
6676
3310
5228
4356
6869
9180
9219
7872
7278
345
1250
9676
5324
5043
3949
3831
8700
1754
2842
4472
6218
645
3105
5284
3635
4252
3692
1778
1096
6471
1488
772
5817
6971
8859
538
6415
1744
2114
7543
7844
1629
2074
9388
3002
354
262
8126
8408
1367
2397
6610
6171
8182
5192
4121
6067
5665
4640
2445
3254
6621
8071
7092
8107
664
1772
9542
8792
4770
5230
8206
7359
8392
1934
2263
5808
6510
7063
8538
1432
4392
1235
9670
5822
9429
6321
1914
2631
4020
9756
4347
8290
281
7409
1869
3742
3134
618
671
6874
4224
9680
2109
9546
7115
326
4737
3981
4360
7600
7152
4752
5141
3597
5880
5120
5257
9118
2464
9817
4063
1867
3525
3641
6355
199
2479
3064
1302
7194
5810
7567
7768
3183
4203
6563
7428
1389
1690
4032
5494
3870
6400
6185
2534
7086
6974
9239
1845
4312
2412
1149
5003
4491
6499
5511
1831
3049
6608
1801
860
9224
4379
1306
7735
3832
2713
9162
8581
5855
3668
8717
3816
5519
7062
113
7451
6713
3576
7088
2386
9426
8844
3098
5105
690
4667
9096
8488
2326
8597
8372
1572
377
2177
8985
9294
5449
9827
191
6652
497
1531
888
6716
580
8563
4076
3862
3342
8053
1828
3591
1769
6868
1515
3794
1427
6138
1884
4151
1566
6558
6254
1171
4230
7054
8105
9489
7030
8649
2921
4492
124
7187
2978
5438
8522
6859
4034
7109
9467
2295
9874
778
116
6577
1620
4643
5266
2377
7799
7174
6735
7960
475
271
7479
3327
8592
8714
4496
5539
5755
9816
977
6470
3918
3467
8846
7535
9302
6061
6931
9976
8184
1476
2811
8354
289
5518
9598
5662
465
2598
9689
3349
2839
1304
3566
4295
1296
2949
1481
1089
7425
1540
540
8222
1017
4746
8598
5304
1560
270
2941
6727
1353
5636
8096
278
8923
2273
3314
659
6956
2400
8544
7976
2529
7142
4276
1125
5049
2844
4636
6822
2234
2726
3212
7559
4231
5760
998
2916
8572
1677
8514
7155
6529
7842
1669
3304
4441
1931
7967
3100
3230
3095
7612
5677
1205
919
4850
1141
4801
7634
9938
4302
7997
9179
5482
6838
3343
5892
1602
6880
6006
1152
9953
9455
6331
7587
828
8069
1140
6280
7523
1245
4446
6189
1617
6746
5659
6924
9385
5104
6532
5151
4267
2629
7993
3496
6804
2884
3958
2080
5714
1724
7443
5925
3263
5367
5373
9297
9774
3242
2911
3163
4237
7972
6828
9301
8337
8812
9580
5501
2523
3898
9269
6560
714
4124
9665
8963
6012
5008
7552
2956
8807
5271
4851
1486
7311
8199
3790
2693
3381
1728
1895
862
63
3072
7902
1300
7246
5592
7903
6007
1610
5964
1135
7938
9247
6147
137
3290
1009
3606
5059
7742
3345
644
593
9877
6570
9436
7792
1708
7313
6112
7515
3653
6637
8484
9072
7736
8154
5382
1419
5703
9113
4160
2990
4093
8560
4153
9571
1799
7661
5960
6461
5702
9902
5570
4542
5041
3634
7391
8884
3060
8959
7979
5858
2278
5150
21
2747
6502
483
3899
9919
4263
5068
4619
7444
3137
6550
6083
8302
8317
7397
5775
2340
2078
4634
9028
3321
4892
7103
8423
4177
7498
240
9840
6267
1413
656
3809
8249
8891
9574
1261
5765
759
6273
9432
6910
8094
6271
5809
5929
7898
4411
7980
6306
1504
6987
851
2342
9225
7435
6019
4728
571
6969
7930
7922
8196
6787
5182
3161
4722
4929
9154
4608
6260
2639
6995
9338
374
3008
6131
3477
2569
3592
1969
3003
6446
1048
7521
8273
806
686
4987
3320
5842
8803
9790
7027
2700
2481
3135
3579
626
3645
6226
8830
6632
7380
4935
5869
6227
730
5562
6929
5381
2146
3084
1354
2798
7304
32
7022
2210
4602
8061
3534
3470
3176
638
3113
9961
7308
8157
9064
587
3833
8931
44
830
7201
1589
9468
1168
5583
9051
6311
6021
5553
1692
5334
2438
8346
722
6233
3647
1039
8355
8657
9589
1721
8877
1946
2010
3795
8946
4035
6156
5648
7574
173
3951
6620
9635
6113
3386
1067
1204
1036
6298
8179
9610
1866
3555
7082
2436
7275
2415
4772
7528
2451
3910
5287
1386
115
5530
1464
9868
8455
8356
5335
602
6145
4284
3945
9602
4006
5600
395
9627
7626
3336
7542
7299
3018
7745
9990
8986
6338
7083
9640
4383
9535
5306
7705
7121
6768
8950
6769
9380
6601
9981
338
6070
2297
3998
8988
909
2007
1541
6497
9375
9814
5298
511
8228
7020
2409
1042
7655
7381
4921
804
3796
9949
1920
8602
1055
4755
9245
3252
5731
1952
597
8987
3907
6186
2580
5800
9859
4421
6518
4822
4900
9835
4501
250
3407
4797
6952
4081
8424
1172
258
7883
5696
5707
346
8896
7942
4659
6618
1263
8190
1490
3082
3920
6939
6225
4769
2391
7781
677
8092
6942
4533
7399
5938
3364
8609
2549
4521
3897
8590
9451
7393
1852
7450
970
9091
1100
1676
1276
1401
89
9547
6588
8687
8056
4168
2157
9160
8462
5161
5410
7277
7236
7671
7828
3454
5913
2440
2518
9969
4468
6048
4043
8212
7384
2550
6370
6959
5604
8345
8057
3500
7350
4603
2163
6445
8533
4344
6175
9664
5148
4948
9858
2854
9722
7375
5187
5682
821
8023
4031
7001
108
960
9459
4451
605
472
3174
4112
5419
1047
8632
4071
6024
8395
921
2653
7580
3457
6669
9017
1902
2055
7216
9750
5430
3926
6506
736
8215
3413
2632
3112
3453
5860
7755
4729
4607
3235
8618
1163
1843
6988
513
4377
663
1612
607
5857
6277
3237
3676
3482
323
5380
8448
5955
8727
1343
3689
2982
2286
2431
2828
9841
2276
1077
327
142
2892
9715
4105
9882
5369
255
5989
2605
6347
4348
5214
5515
7988
5713
5204
8885
2475
8268
3116
2659
755
7825
2236
8116
902
1840
2171
9470
9864
4763
5209
9603
7803
1965
814
1327
7123
9649
9435
4301
3067
8335
8195
3409
269
9831
3124
34
3812
3909
7253
6708
4233
1335
9494
550
8006
4195
3989
8172
6317
737
9308
4052
8692
1188
617
2591
4359
8975
7269
1031
568
3999
4415
6591
7310
5493
954
8599
9545
6042
8648
4654
7146
5433
6117
62
735
8476
3658
8771
9666
4018
2392
3650
3341
9843
6333
7821
6782
9677
2051
7974
3440
3694
2346
2822
5189
9110
1226
6801
3755
5845
8611
4139
1986
2018
2133
9083
7718
7663
5319
5958
3786
2755
5806
3131
4997
4732
2906
6313
1700
5644
8704
4321
6330
7018
9579
1870
2625
7426
1544
4162
6428
8503
7034
1259
348
8485
3829
4037
3218
7388
7636
4778
2499
8952
9608
7238
2500
6886
8161
812
2044
648
4144
8605
9295
9720
5642
6376
5475
3001
8568
7727
7462
8431
6634
4420
9883
9492
7193
5554
3157
1398
6682
97
525
6720
9795
6534
9657
5646
2955
2855
145
715
6904
1809
7478
8749
1909
905
2670
7402
6092
6335
8047
5795
7164
7323
838
9348
453
612
2417
3553
2768
8814
6805
7681
9357
5584
7936
3042
1740
1518
7860
4400
4896
7016
2843
6937
370
6344
5385
4418
8671
3603
8516
3166
716
7637
8663
2836
404
9629
2125
4131
1158
2245
1267
4084
1615
2250
2827
2169
7746
7361
5295
7210
9123
6750
8396
1926
2298
9891
6788
9360
1483
3247
1647
9605
2257
8331
4695
8825
2229
9502
3893
1492
4682
8426
9141
6776
2783
8798
3928
4528
8943
5951
9606
509
2592
8997
1211
1350
1020
5743
4842
6167
4477
4465
8676
3670
5762
7297
1816
4339
3787
5253
6281
5613
983
1231
3143
3610
8270
4632
7440
1949
5153
5337
1559
2267
852
2003
2439
4324
3680
5143
227
7252
7715
2373
1833
547
2187
4354
5301
7076
1771
5363
6875
2085
1108
8791
9040
3004
7596
7272
7483
6203
9456
5124
2369
3401
5905
5091
1655
3678
4372
3099
4073
3715
8759
2094
2022
4759
7151
7368
9800
944
238
7577
4134
4790
2525
2385
4212
334
8498
4311
986
6871
8712
8499
1493
3913
7048
8870
148
8076
5599
3519
8330
5533
1446
993
5772
8156
3243
2330
4605
5457
6725
7406
1477
162
2908
8829
3274
7933
7640
2317
8272
2893
8293
5638
780
1897
5139
6310
9034
7582
8381
7688
8542
3515
8984
6316
895
4571
3693
2039
8328
5236
9275
8414
7222
1312
1995
9355
7708
8064
9854
7978
9927
9311
2153
4930
9339
6196
3748
881
384
4100
8429
7503
9204
8591
1974
577
2695
9409
1189
1405
4863
6957
8265
218
3526
1281
9146
3461
7058
3432
7353
1166
7717
5275
2940
5282
297
1323
6044
6528
1530
3110
4776
4375
9125
245
1310
7817
2138
3286
9751
8197
1184
3639
7659
7881
3391
748
8610
8220
9740
5466
2393
3265
3393
6089
7096
2424
2084
9198
7832
9669
4832
1730
3025
2602
751
2776
7051
8612
959
7289
8613
4075
7603
2857
7362
8452
9540
3549
7073
542
9094
6934
7501
4300
7752
9344
4512
4908
6679
4764
7235
1453
859
5510
9855
3556
6431
9121
3089
224
1317
711
33
4723
5826
2079
7982
5542
1059
4114
2691
5908
608
8473
5234
1279
6125
3691
6080
5922
3416
1782
9250
3642
9138
6096
5183
3993
1880
18
6045
5247
6252
6444
1591
6949
8723
2661
3117
9713
9724
6900
995
5593
8246
8757
2531
2678
5840
4922
1787
7740
4187
8224
8739
1237
7961
6762
771
82
7608
8826
1309
5652
189
2353
6212
8349
7448
8127
5119
385
563
5973
5894
1872
7703
2309
9434
3874
2338
8072
2036
6380
1033
6107
8040
6864
8368
9746
4253
4587
4449
7749
6084
7372
3783
7437
5784
6350
1786
4127
6940
3356
456
3661
5924
687
4404
8801
495
5443
4736
501
827
7579
85
5
3109
3524
4926
9778
4190
8181
2615
186
6463
4215
4278
3078
5738
7741
9852
2091
572
2012
4859
2927
7379
5681
5684
5371
9673
2903
4845
2658
2558
7992
6264
5434
3598
5395
1841
1538
5066
6291
3119
2909
1029
3048
2480
892
2387
9959
5032
8017
433
2808
144
548
4585
3462
1844
7280
99
8231
9544
9538
3966
4714
9691
7670
5232
1436
5780
9970
1495
1896
9278
8315
286
9330
6589
6427
7916
299
7274
4334
5428
2986
7068
9549
3492
3879
6132
3760
6856
7282
3065
119
2721
3843
551
9287
1933
734
3950
9222
3605
5728
4221
5208
9562
984
9694
5424
6635
527
6371
2837
7298
1984
5196
6256
6356
8668
7811
4864
4653
3974
7006
9471
9799
23
8559
8263
7100
1112
5556
9700
5945
1821
7886
2498
9182
6155
3559
1567
2142
6438
5217
8545
8799
7532
1285
8466
2150
6423
9553
5053
1120
5283
7726
917
8373
3540
1888
1522
2388
3385
4242
575
4437
5626
365
3960
3414
2195
5486
4366
6748
4098
757
7
4188
5804
3823
109
4462
8920
1212
1900
1315
1433
1886
8795
7573
4119
6351
1861
9503
854
8176
4579
7619
4438
5970
4222
681
35
446
9805
7119
8136
5165
1608
130
72
7652
8781
4051
1698
2294
1554
2711
935
8993
9400
4647
7918
9978
8204
5932
7024
4981
4666
3986
9478
8160
2975
1819
7714
6429
1625
3842
3379
4040
2315
7635
9663
1571
6643
9061
5366
2999
8738
6825
3734
8579
1262
1318
1091
5269
1334
426
7690
5655
3502
7421
5870
7071
9092
8417
4844
5331
7685
591
2763
6627
7583
566
5995
2915
8464
5819
9900
138
7499
8394
3295
3620
7373
7352
1727
5411
9541
4107
1890
9912
6251
1479
5167
8917
9190
207
1781
7255
4751
7530
2698
7072
5058
5708
8995
2782
9873
5179
6040
3460
6915
4103
9935
7422
6187
7276
880
7889
1656
2718
1785
4279
8854
6308
7569
3537
482
7327
4009
9742
2976
8524
8382
6060
9437
3672
3724
1227
4393
1733
3781
9015
9342
6328
9253
3523
7157
3132
6236
1899
5752
1219
6511
1385
5521
9359
5218
1812
1732
2237
131
4041
4436
1234
7179
7630
4163
7486
5877
1555
6166
1329
9106
9706
7132
5132
6158
9363
8937
9169
5608
6377
8502
1650
9310
7180
9184
721
1904
6049
8603
6670
1883
2895
5966
649
5469
2731
1006
6602
5769
5904
8521
4425
8009
1868
7518
349
2636
4781
9551
2948
6481
8872
2486
6890
8291
5777
6468
2643
3268
3586
2264
8715
7945
8082
4818
7525
8288
1892
7695
8955
6789
6918
4478
22
303
1046
1126
8969
8148
7094
2310
3970
6847
9913
6063
7029
1695
742
6873
529
6553
2791
1387
5117
4794
3170
2463
8458
5339
6961
4866
7312
5285
6327
6603
1542
8200
8296
9212
6803
3674
2568
4247
9443
6208
3302
8989
3412
1095
2233
945
3505
7036
9014
5797
9452
3539
3306
9878
4323
6454
4156
712
8137
4680
2095
6619
1675
4169
3447
9043
2954
5171
1290
9216
1244
2753
2363
3818
368
2554
1099
181
179
8363
2484
7847
7533
5135
9231
922
408
4280
9539
5756
8625
6943
8338
897
8267
9928
1999
5527
7545
2522
7700
4166
6220
6447
9148
6677
4338
782
3334
8474
1832
8794
8926
2876
6688
3059
657
1064
9267
3512
2829
4286
809
4250
2548
3988
2031
8718
8430
1224
3564
2870
3644
6466
1138
2292
6393
6374
9554
2314
9032
9690
6710
516
7271
2154
421
2327
1577
829
1988
6320
9945
1474
3139
3675
7257
6275
9609
2994
4002
7885
3248
8737
3488
6640
7840
9016
7166
7539
3403
8386
2231
9615
5940
2542
5023
8824
5873
3262
7784
9234
4044
8546
4740
1011
2630
2972
2650
1775
3962
4911
9235
9797
9803
454
6385
2014
194
8900
7220
1241
187
9331
5289
1932
505
578
8720
2969
1417
8469
5130
3079
7824
7169
4536
9951
6003
9257
402
8742
6766
2619
6340
6174
1573
8443
4522
9508
9422
3992
4038
4783
2528
7699
3194
401
2860
8678
6512
4581
3612
733
3103
2226
6896
590
8313
481
4815
4601
2190
9262
9987
1150
1874
5004
8894
1083
972
231
1915
4409
4192
2953
4810
6911
6598
5589
9995
3869
1911
6095
9685
4860
832
2831
6282
8638
2252
1297
7511
7113
9582
4944
7317
6382
6494
3200
8119
3840
4148
2640
5514
1881
3041
6777
9249
1621
3431
4969
1007
8980
3269
6384
5753
5101
2432
1586
8091
9228
6765
9352
1283
3782
4507
2211
1255
9013
7989
7490
6073
2790
7874
8456
8764
8285
3708
3631
4747
9209
4403
2872
57
882
1745
490
4962
8036
3228
9960
5686
2419
4592
2880
680
4739
7052
1553
6293
8250
336
8962
2914
5372
4967
9042
9929
2016
800
2553
3791
2802
9484
160
7044
7165
7208
8944
6292
1526
661
1820
1041
6655
14
1074
9356
6712
725
1878
6436
5886
4886
2362
9984
4671
2919
387
8010
4310
3442
9652
8775
1365
5261
7712
8935
6845
5893
7899
7464
4580
343
1759
2913
3097
7322
896
3068
3046
3604
6824
1968
8570
647
5241
723
9120
4672
3948
3531
321
325
4767
2117
1635
2905
885
1032
3256
709
5016
2685
4989
3281
12
6573
7329
4384
3251
6459
8883
8751
8529
3573
5639
5473
7432
7647
6742
7176
1294
8153
8280
2364
1037
3422
9926
8677
5789
6604
5874
2596
7028
6525
4342
5487
5606
5868
9633
6964
7343
1653
1084
2642
1482
7834
6552
7040
8162
5701
8217
8947
3720
9903
3891
6906
1384
8316
6724
4355
8556
2679
24
9828
6303
535
7684
8238
5544
1619
5332
719
801
4143
3600
7441
8390
6346
8405
4819
8735
9930
9779
9353
6698
1298
4802
2215
2825
2540
7638
5254
4220
2874
6981
4176
2312
4591
2774
3456
6491
868
2787
7921
7374
3656
2904
7590
783
9495
3058
4573
7112
7081
2926
3465
7232
6960
9867
8158
152
3510
1394
9428
9414
1291
6284
1962
9872
329
42
7493
2328
3297
6041
201
1035
8128
4870
5083
7694
4937
1725
7457
6210
4531
7951
8221
6923
1539
7812
4088
135
544
2275
9775
6548
4523
8644
1167
2743
1972
9333
5358
2886
3821
474
9922
1228
5669
8028
7079
6074
6827
3424
6163
243
9584
3410
507
4588
3128
8487
3932
1797
3216
2758
2307
8007
9738
9007
9886
8925
3649
6498
7354
7069
2784
5816
5080
6932
4055
5343
5853
9730
1105
4622
3485
6914
7484
9967
2399
9402
4186
8596
3392
8472
5711
9634
9527
9791
1834
3596
8113
3626
3813
8037
1668
6980
6792
5575
6014
6681
8575
9613
3754
5338
8927
1919
8774
5578
5607
4096
5535
2515
8703
190
6761
7944
9394
933
7508
1598
2232
6484
5507
8580
7673
9335
8257
2947
7328
4118
5229
532
1643
1913
7116
3593
3375
3747
1202
8905
9337
2503
3565
2058
3972
6809
6352
3590
9729
2889
3802
1114
1288
7762
9054
1201
819
156
6258
2198
5610
2404
9614
3777
7949
3202
2907
310
5215
8393
4899
1338
9449
6290
1093
8616
6816
4553
7809
5063
8436
588
1131
4966
6169
247
8667
5413
5668
2754
2381
8294
1924
3021
2638
1437
2335
6741
9497
1325
5074
5721
2194
8999
4128
6287
6253
4548
6752
6418
7434
5100
8447
154
1209
5489
6409
2974
68
7230
444
2890
4735
7110
7524
5568
3395
2501
2120
2365
9082
2885
300
5832
159
7290
534
2433
8149
2277
7075
3633
4298
2863
6754
5435
1907
3757
6902
4817
7772
4757
2316
3423
1535
2406
7439
2371
1186
2732
5417
8213
477
4688
7591
9559
3563
1940
6704
7430
7906
1697
8279
1270
8873
8236
9159
2183
1303
7822
4687
6986
9396
8600
3244
9510
887
2951
4923
3698
6535
5323
5077
112
1278
5067
3
4545
7087
2582
5122
9662
1024
1960
7534
1922
1761
5299
3848
8121
8882
6903
1737
9807
7131
4343
7680
746
5126
8442
2324
5348
8031
1521
9086
8876
4792
7950
3450
5557
2259
4905
5249
4487
5201
3204
3615
2760
2047
5926
3140
9908
1455
6771
7489
5910
466
7118
4939
1641
6912
3956
3293
8258
304
679
5078
8662
8532
2750
4435
2979
2059
8864
1467
2712
7554
3824
8907
9989
3245
4050
9893
6568
5746
9630
2971
4633
8243
8810
3332
6883
7514
458
4308
4459
9281
9975
994
7804
833
7228
8732
8075
6673
5522
1
8733
2577
3585
5790
4829
2152
3029
9405
9293
4194
1951
1795
2873
6301
7244
901
4825
9058
584
2001
4597
8910
1357
4888
1463
7575
863
9047
8403
7206
7171
7566
1687
7248
9291
2547
1898
1194
4862
2221
9780
9674
817
2454
5342
1097
5900
3941
691
9020
7833
2485
1316
340
6440
929
9078
347
6526
9073
4023
3608
6337
2657
2651
9097
1928
1460
6844
5902
282
2348
4833
614
8433
4
3551
8494
1746
3896
9743
9408
5622
6729
788
3648
6465
5785
720
6285
8106
94
2521
4546
9365
7915
6901
4489
5207
9377
9288
7017
276
6486
7675
8990
4559
4538
8974
2122
3289
1497
1699
7130
3729
6276
9195
5176
6091
4996
3270
5898
6899
4857
434
5203
7333
2096
5704
3093
9830
9904
6605
2408
7512
2219
1221
3845
594
926
4703
2158
8201
9075
8120
3713
39
9116
2470
7939
7387
6556
9619
6325
5825
2098
3779
3133
1649
3177
9252
9890
2832
5090
4398
6332
6818
5881
5172
981
8083
7446
7601
8567
9240
7657
1768
1912
2878
6422
1516
9733
5110
7867
7946
8185
2325
4422
7153
7453
9512
1519
8828
8569
8312
2833
3148
8334
7192
8893
7814
1593
9347
60
4994
555
9012
2260
2320
1193
4257
5498
569
5545
4427
9986
2634
7728
2735
1583
3365
4909
2845
9069
4730
2514
8084
4914
1908
7126
1195
9842
6647
4027
4561
1552
8
3033
52
2697
6778
4485
6865
7090
2997
8508
2937
8731
277
3834
2556
7286
3885
409
1627
6361
6920
3045
961
4171
7851
3766
5300
1110
7472
5957
4878
1978
5852
7156
6707
8101
4350
2821
536
5823
8318
7133
7467
7424
5138
3583
2428
9217
8193
3738
9214
9642
8865
9825
3731
419
3331
9621
2106
8701
4504
8208
491
1362
2985
8983
9105
7458
2545
311
3217
6473
768
9326
1702
1943
2841
7188
2478
3160
6201
8440
2429
9411
2212
6420
7878
3572
6569
4102
2740
2466
6843
1889
4785
7268
4022
8784
964
5370
6764
5548
7613
4932
9157
88
1072
8043
3255
6799
1877
2345
4620
1268
6449
8973
361
8708
8614
1860
7148
606
2344
1694
209
7995
9099
5376
5774
6214
9681
7337
2702
2537
1639
4167
6130
6001
6373
6693
9074
3518
2980
5691
1717
71
6513
2037
4768
7398
3516
3208
43
4880
1374
8690
2188
9585
3880
4982
6037
8964
2238
2930
2559
8517
105
47
1606
3750
79
4527
744
6515
708
5042
4185
1662
319
9983
6426
1391
8365
7321
3309
1254
364
9480
6383
2151
2023
5770
9292
2508
2048
8626
3545
7452
2850
9857
1822
7178
793
5000
3727
1044
7436
8336
8679
3389
3936
1534
6176
6509
6504
2918
4122
1570
4611
3221
6439
2623
9340
3769
8232
1854
6921
1835
5007
6826
3902
1352
3860
6450
9948
9716
9631
7531
3940
5180
7150
3019
8779
9655
7254
8253
8647
3808
5383
2621
4954
1043
7504
1248
64
3756
7296
4604
7482
6099
2172
9314
7382
9659
7185
2838
7644
3850
8977
4814
7415
6047
6217
8391
1395
8142
6629
7904
3187
8878
3205
7460
1568
2959
6955
8419
973
98
2867
7309
3459
3997
6819
643
6527
9534
2068
123
4045
4364
237
4077
2533
5114
5478
3657
1806
7691
8327
533
9726
760
2594
4661
1622
5830
3026
1324
3628
5219
4091
9200
1918
1422
4030
355
4471
4563
5734
7019
3014
7893
4754
8198
6172
307
6547
7104
4332
3468
2258
3408
1344
210
1271
8163
9923
9251
4170
305
3772
3350
8841
2865
2021
9185
7783
6279
5982
4480
7423
7769
5450
1996
316
6005
8994
53
4827
3038
7181
9057
9499
7557
8756
4266
5758
5354
2551
6654
2053
2081
3226
3463
4556
6596
1257
6405
4713
7334
3739
4137
6706
9679
9684
8857
8295
1767
7795
6686
7791
8564
46
1672
5034
2170
3895
1366
2840
376
8736
4719
317
4530
6300
184
2455
7093
4251
4876
7340
2223
515
673
4716
9601
6448
5347
7954
9022
6205
5513
2072
4439
724
3298
7837
3092
7787
3066
4097
8256
9418
7395
2896
7871
9997
7829
6103
5492
4516
2256
3257
785
8090
8552
3022
4241
1328
1556
5173
5322
2795
1634
3489
1848
4503
639
8823
1197
2852
4907
1473
2672
6520
2799
9511
6888
3199
3122
7859
2555
3437
7059
7389
9181
5022
1648
4624
9143
1609
6477
5052
1330
9482
5136
86
2938
8746
5751
553
5429
822
439
9313
4012
2781
114
4502
3752
7765
6090
7095
268
7284
8881
5712
7882
2045
3239
1734
4715
7849
997
4452
3233
9218
5014
5561
6715
2426
4927
5725
470
4155
1802
762
3853
1469
55
9517
6404
6579
2368
4576
170
9550
3767
8274
2040
5719
8254
5848
1475
2160
3303
2727
3249
1599
1691
9406
3737
6892
4773
6763
7576
9102
7642
8322
107
1637
6760
5742
5106
802
8752
6813
4426
3530
2628
100
2788
3774
205
8707
2942
9821
1299
7476
9285
6004
7605
8998
8425
8866
6791
5426
7469
9332
2762
6595
3448
5882
4999
5504
7497
8948
2450
6562
5615
2243
4227
8470
9345
9732
3173
1929
3609
850
1000
1134
28
3682
5933
9747
5862
4290
2669
2627
8586
5663
2251
9826
1605
4875
4529
1217
1790
7385
6660
5500
1321
992
4589
7846
56
3651
6467
4598
2736
2111
235
8972
5978
3283
9586
2446
9229
7697
766
4500
1807
499
6962
1021
7418
3629
5723
8348
4145
58
6840
9309
9587
5394
2143
1855
6032
2184
6108
5082
8151
3543
3961
8459
9300
4724
8211
6017
8289
9139
2203
4513
8903
867
1569
5949
7356
417
301
3835
3514
8918
6916
3613
6837
4260
6854
2301
185
6416
9660
4812
6002
4596
7023
8537
2834
3839
9119
6948
8437
7645
8310
1030
7836
9620
9089
3384
3804
2538
5098
982
2265
4645
6086
9944
9386
807
4288
1857
2910
4054
576
4362
1319
911
8518
9776
3733
9592
3717
8724
4959
8504
8594
5416
4694
5912
1562
2101
1187
3681
5824
875
4201
9525
2701
9035
6582
3145
1563
4019
2960
4510
9041
2332
8787
5356
5240
9172
5722
3798
1016
8566
5634
5625
9049
5188
9323
7459
6207
2746
4149
8491
9299
5917
6683
8821
9023
2156
5879
2665
2300
4320
2357
2722
4303
9668
9206
2395
4627
3732
1750
1729
3373
342
1623
4150
1814
3480
8832
3667
4004
5157
1651
3704
1181
2794
4575
7251
2950
4698
9876
3175
7120
2374
61
4368
2806
7865
4807
450
7196
1810
8689
1450
3075
5025
3619
8862
4918
8919
1590
1980
25
7617
6773
3817
6555
3987
8607
3114
8904
6878
9758
5072
410
6567
4638
5896
6599
4333
8401
5981
5988
3744
6846
9425
6412
3599
4775
2008
1346
8606
3405
1678
8145
8326
4291
2272
3908
8941
5674
1658
6690
5629
2443
6796
4325
5512
3147
9407
769
4000
3580
6992
6031
1798
1987
9749
5005
5783
2586
6119
4282
503
777
8855
2070
5641
5781
581
2469
7761
3444
3520
2962
462
9844
2607
8135
2042
3377
7226
8901
5170
2269
5061
9899
3911
3521
4628
8777
914
3000
816
5441
4340
3330
3890
953
3614
8967
1289
514
7160
2946
1116
1793
3280
6756
3207
5197
1052
3044
1332
4960
7177
9806
3438
6262
811
6666
923
4951
8100
2057
9500
2214
4209
1574
3536
5470
6968
4484
1448
520
8961
7669
4520
74
2230
8561
3984
6109
5687
6015
333
7037
5398
4381
5936
7965
2118
5093
5878
3367
2284
6678
3707
1265
6872
9875
1659
7625
1613
381
6982
8150
1445
3333
4718
7445
2601
7492
3751
9781
526
4059
6662
1957
2807
6998
2104
3271
8686
2681
1251
2378
6985
1983
4029
4273
1269
5939
5574
8848
2482
5670
3546
2879
9932
6234
1191
8822
4668
9612
2017
2694
3871
9515
2389
9848
7771
2352
2323
5757
7099
6388
8660
2696
5565
9077
8684
7237
1584
5447
6106
6951
1770
233
9555
9237
9457
7004
5018
8117
2086
8928
4125
5750
3810
6413
2579
7721
3837
2490
1123
879
7940
794
3368
1132
4840
5637
6
4083
6545
5567
1743
7326
7839
9918
808
9137
242
5451
7819
6695
6058
2520
9518
1773
9761
3090
6551
8493
3076
6863
7810
3827
761
7480
9847
1246
6891
2667
287
763
3662
8793
1614
5349
1159
4511
8656
8578
9988
4824
8339
5937
9461
1050
2532
9084
5724
3776
2329
6417
7578
3554
4299
1010
3882
6976
7509
2583
5861
537
2505
6198
4743
5805
4293
36
1494
2465
69
8152
3793
6250
6717
4080
4936
4965
9507
415
2102
7984
5581
5571
217
9277
7431
6425
5213
9192
216
8890
5664
3056
4126
4433
4357
7729
6025
3513
1930
1803
3719
5020
7470
3905
3792
126
5916
422
8463
7127
674
9280
2761
4497
8439
4240
9025
3529
9370
464
4072
2474
7987
4858
3589
510
9683
2103
9869
1684
4717
9156
2066
2544
893
2749
1500
7919
6071
2945
976
7986
7925
1411
7212
4443
2354
4399
4026
3380
8934
3939
915
3594
1579
5550
8636
4314
3429
9905
3144
6339
3558
7868
9491
9888
3996
366
7633
6315
9698
2296
2970
1155
5051
6030
4684
9067
6740
7442
4158
5400
7558
2089
2572
8719
2819
4753
6851
8868
7654
3351
1128
5656
7405
1682
8399
3982
5927
5389
9763
9378
2600
7701
3035
5948
6993
4517
9070
2261
7568
8879
8402
1935
6093
3154
6307
4883
2087
4762
4444
1948
7307
9731
9594
9117
3503
2253
8582
6522
2019
4277
3762
5088
4885
4193
2847
3074
4610
8539
1837
9399
5909
9318
9081
5977
5779
4920
9940
4903
5145
2671
6739
8471
6357
7403
5744
8574
508
2416
8407
1399
2107
284
330
5491
9316
3973
9501
7564
7594
874
163
6747
3284
4226
9833
6835
6289
8713
4065
4016
9472
5863
1342
7766
3322
7816
6129
7598
1247
208
8309
1796
8189
9112
7218
6623
6933
2925
7141
1275
7547
5465
8004
7754
952
4283
6922
6401
4331
8457
9349
7853
223
8467
6297
7064
6839
7407
2054
4256
570
2786
5552
4382
9412
457
7412
2814
9080
549
9395
3276
3952
8629
5847
5483
1718
2145
1688
9189
5191
9024
9103
8608
1104
5624
4213
2131
2056
9687
4207
7200
3308
6820
7067
5027
6395
8957
9142
7466
7910
8012
6410
7756
5838
7494
2708
3990
438
6114
3745
3773
3942
8530
7505
3376
7674
9005
3120
9220
6817
6492
6898
3353
7627
6770
9029
6342
9171
3822
1151
5065
4205
8914
3400
6441
9196
2509
4595
842
4142
6691
2816
1153
641
9897
5178
8022
5333
1471
856
13
4248
9757
1757
7913
7172
6433
4901
1015
4275
1225
6517
8450
8758
971
4906
3323
3828
5907
9019
3475
7456
1646
177
634
5352
4621
1800
7202
5741
5403
8761
2494
2912
4414
946
4017
2641
8019
8475
9010
1314
5131
565
6269
6322
5776
4036
4434
4555
1066
9149
3660
7098
1824
7599
7941
3725
3052
4639
6034
6148
4514
4108
3906
4615
9059
8627
9934
4265
6268
8170
8098
3771
9298
6487
6751
3884
9894
9818
5595
9622
7396
5264
4505
1779
6239
6832
2649
6609
7077
5630
494
8836
8247
202
8410
8089
4431
1489
6894
7349
3625
839
609
8292
3340
957
5524
3015
5906
3967
1223
9284
9107
4161
6363
2351
9889
692
4984
2707
877
9439
1454
3820
3311
8816
1628
1630
8871
6616
8776
7463
8520
2618
6274
5069
8205
1272
841
2291
5158
853
8958
8444
7704
9404
5046
1103
6462
8366
2414
1501
8535
2620
8029
4738
3922
3761
8669
7447
2347
4429
8358
6229
4663
9531
5047
5423
2751
4408
9834
6622
6696
8867
1657
2204
4410
5983
9916
1885
6137
4706
175
9053
9617
40
6192
7455
7571
2227
7117
9122
8079
7221
6411
962
8789
3301
3305
4407
5168
8772
4947
5087
6101
4904
4173
9243
5071
9737
5387
1827
6774
2402
4977
9415
9187
5095
1557
1069
2593
7790
1693
5076
2934
5329
873
5598
7977
9153
5286
1076
2336
1284
3425
6638
6882
6580
6990
3111
1858
359
9993
5813
6105
1585
3360
8281
6375
6372
1513
7260
6055
9765
229
5660
4570
6062
7330
6807
7009
6855
9392
623
9793
2213
9581
5115
7341
9671
3272
7780
3210
9369
4957
6749
5242
4386
128
6745
6523
5996
988
8060
9604
4336
9711
6309
478
7774
9199
9648
9616
7138
6215
280
1847
4557
7656
356
9787
8063
3152
3378
849
4574
5997
4564
8412
9155
1664
8340
8123
7170
1616
3325
8214
9735
7692
1642
6263
4116
8847
9645
9607
8169
9920
4337
4254
358
8226
7607
7731
8558
7291
7427
272
7664
2887
5651
3687
6736
5452
9794
5497
613
8842
7884
2061
8051
5807
266
3933
8817
5794
669
4515
5990
5709
423
8874
6672
6127
5108
8804
8014
1652
5460
7377
6379
7400
8283
685
4095
6830
6009
8886
904
6565
425
6036
2343
6235
7529
1085
963
6059
1242
6023
1129
9134
9362
5899
3418
473
8001
3638
2009
8020
5351
6455
7135
8055
5975
9458
2984
9641
6053
4061
2512
5040
2603
651
2410
7588
5243
6559
8003
4853
1169
7966
9943
4678
7249
2687
5969
4562
81
6858
2673
9762
7805
965
8324
1705
6636
7214
9490
2477
8645
1232
2729
8033
4554
8853
6758
2689
4129
7526
5588
8550
1528
9577
5166
7589
4789
4612
3538
2384
3223
5516
4182
4376
5251
512
8099
467
6116
8908
6936
9242
7632
940
3504
3196
9898
938
2767
696
3925
4952
6302
9712
3219
1122
106
8577
1373
5455
2222
6182
3616
3031
1683
4306
219
1177
8374
9076
6046
7506
5379
6714
5885
3527
7776
2418
6164
4486
1273
5603
4637
9368
5099
4889
9036
5396
7796
5123
1636
5987
668
5782
67
7042
2467
6206
4813
4594
6115
5726
1025
236
4374
6938
6476
314
1977
7650
5375
3318
9382
8245
6849
4558
6967
3807
5280
4535
4396
1862
469
2891
4490
2115
1458
883
3640
4849
3319
6667
9548
1161
732
2899
8769
7411
8460
8441
9322
789
8709
2139
1906
5362
2764
6790
16
4261
9892
101
2290
3811
7517
4942
9744
6784
6051
978
3561
8697
3203
6421
9460
5799
7672
9557
3307
4206
9653
5296
118
8329
5121
248
8797
1680
1973
7734
3201
6814
2647
9597
9839
3700
8786
9424
441
8806
655
1079
29
492
8820
1256
9477
8305
4691
9770
1019
5346
8548
6390
3801
2835
2898
2202
4760
9646
2881
7891
6867
6946
3476
824
1517
9809
9469
6000
150
3287
4537
4304
7895
683
1057
6659
8383
1941
4692
6783
7595
2932
7233
9315
1487
9440
7241
2616
943
6574
7161
1588
8052
9964
1307
9090
7909
7306
176
6808
7243
3279
9266
9755
5768
7033
9626
2285
6453
8065
8750
1240
3789
4590
3705
2963
9037
8970
1546
1094
4988
4955
1274
5328
3315
6611
10000
3728
1789
6038
583
5445
1148
7996
19
2682
6671
3172
8688
5064
9516
1082
6266
738
3709
9578
837
6231
5320
9343
2224
3663
3374
4389
8856
429
1154
6343
7475
4068
4174
3581
908
9543
2076
1026
6304
3570
9194
4941
6533
5439
8130
3963
2228
4363
5679
7204
1823
870
4701
5901
9958
8936
1498
689
9802
7813
8478
7491
7722
6120
3825
8929
49
5946
8239
8186
5118
4346
9286
7013
5288
9558
3241
820
3826
2318
5792
2473
7750
5821
9647
6703
1956
4796
8837
9643
7563
5965
7732
8311
285
4476
5984
2090
4958
9936
4164
7744
8938
4440
3718
1666
1903
6122
5803
2584
1435
8834
7057
8540
9845
9244
7981
5876
8672
7623
1955
8531
8124
8320
4025
1137
693
6143
4978
9760
2134
161
7007
3701
8371
7620
7856
5089
3443
1408
920
7266
2361
1208
4852
4648
7770
3611
1774
5224
73
3436
9183
3278
5431
7610
620
5233
6645
3618
309
7358
2444
5872
9476
2123
1071
3055
296
4204
4086
31
2376
9522
3852
6972
502
3859
2192
1396
9260
103
6054
4644
3685
7258
9956
3671
6402
2988
6917
3517
1673
3034
1088
3770
6496
3881
5850
5611
775
357
9271
294
8965
257
8953
9999
985
3411
2676
9350
7149
5464
9917
6806
9127
2331
9354
4917
7471
3542
2289
4750
6151
4993
3923
4464
4879
8230
7207
3083
4292
9884
3484
9312
567
695
556
203
8025
7957
2422
1633
4232
8664
4412
8716
4101
7711
6514
9837
4385
8912
8039
6197
5729
1164
968
9520
3867
8352
7956
9933
6299
4330
2225
2610
8427
8104
9838
7830
8655
531
5405
8800
616
3061
5092
2193
598
3703
5645
5202
749
5012
7614
8115
8481
2557
4130
2710
3449
6190
7666
7267
5028
1179
3522
7806
1689
2730
4549
3285
7959
6150
8734
7658
6501
1388
6419
1618
8397
4708
5943
8595
302
4635
8631
448
3968
5471
2471
7914
913
5851
6312
1829