978
225
733
524
795
425
471
354
358
294
200
654
103
838
975
867
789
778
37
105
392
420
249
242
781
327
416
194
221
709
843
220
671
776
481
887
268
637
467
817
723
45
307
132
788
245
495
289
718
311
808
468
145
832
770
218
35
726
963
438
213
864
388
757
322
24
759
860
859
882
572
152
462
792
134
641
336
99
73
701
631
791
232
673
541
625
967
939
295
176
727
714
382
956
167
703
375
670
74
683
287
214
171
14
161
111
913
251
569
204
465
767
42
485
717
545
909
157
592
647
371
64
555
813
50
275
578
841
149
827
525
518
434
517
613
704
193
803
811
559
992
396
756
965
401
868
607
394
567
369
586
301
910
752
328
230
512
532
142
599
269
228
681
787
591
557
102
584
293
478
819
419
779
430
353
12
731
51
426
903
603
302
447
79
784
928
834
267
355
875
329
815
442
848
290
676
285
614
39
617
684
768
973
669
535
521
828
962
917
473
89
600
542
98
880
988
886
114
954
252
923
386
272
508
891
872
342
620
325
339
583
874
487
590
847
896
33
229
793
53
995
526
664
411
197
665
812
296
944
610
343
551
87
568
377
320
378
748
609
418
444
356
675
621
2
324
8
760
918
869
5
986
71
72
469
970
809
942
922
921
596
953
830
964
634
259
82
131
38
454
202
15
785
574
783
573
185
633
135
588
660
533
48
667
456
814
281
623
331
807
316
231
291
615
929
871
59
379
175
651
991
241
181
83
565
108
60
616
70
745
889
43
743
528
409
374
464
898
127
96
786
81
49
44
457
273
479
612
661
321
790
794
95
121
932
906
347
593
866
856
690
774
441
3
738
470
85
509
662
23
406
652
900
561
577
821
41
94
154
712
203
943
516
686
831
699
824
395
636
460
265
853
823
747
730
951
277
983
744
129
427
164
604
367
941
210
506
663
840
513
446
308
402
632
107
501
400
924
990
435
538
7
850
602
855
403
373
54
915
165
695
858
184
635
412
938
595
883
474
949
540
529
125
236
333
350
881
597
950
715
155
115
313
384
494
946
166
332
113
217
678
36
340
448
839
980
360
763
410
93
180
476
286
515
937
857
851
399
571
75
84
484
653
78
455
458
694
873
579
798
199
159
432
433
491
361
11
262
544
349
755
30
622
849
713
547
91
638
761
656
110
750
174
668
270
698
398
527
404
659
697
151
630
961
971
742
266
996
120
835
260
309
160
276
143
580
123
537
902
719
802
364
69
692
57
212
836
100
106
211
722
261
974
989
696
863
297
357
179
250
195
101
502
736
282
4
318
519
728
876
117
947
552
300
619
206
606
284
705
22
700
319
234
677
576
25
899
452
753
116
18
940
187
720
878
61
345
766
897
955
994
800
312
895
278
92
304
1
852
645
735
31
192
618
330
936
449
390
885
926
370
279
450
264
124
543
380
581
594
46
130
389
271
908
186
445
998
639
178
188
799
520
825
459
646
507
338
972
141
562
422
376
968
86
680
548
223
158
982
846
870
844
649
773
348
1000
721
688
716
861
884
805
492
546
534
323
959
993
258
28
246
169
439
488
119
431
248
820
133
215
144
689
911
20
732
443
890
523
32
977
334
387
628
253
629
363
201
341
344
769
326
497
52
504
173
979
490
739
644
514
687
655
440
560
920
283
498
477
381
408
428
948
475
76
904
754
877
737
274
182
489
244
463
58
16
9
77
611
539
575
67
137
553
801
879
496
17
366
205
780
931
139
958
500
892
222
682
207
999
837
109
224
499
907
66
826
746
122
303
934
219
912
421
299
368
672
68
172
648
483
40
554
257
691
985
138
865
771
97
740
162
126
480
589
945
317
407
292
239
758
927
397
362
570
666
829
34
305
511
658
930
510
905
146
254
640
530
314
916
10
919
472
352
393
226
563
424
901
243
415
711
997
190
461
235
549
451
196
751
777
256
466
365
564
47
816
833
237
310
862
952
240
112
772
642
775
335
209
27
198
674
482
216
170
796
657
65
62
385
255
263
227
797
128
724
806
298
417
436
810
148
536
189
734
391
729
80
585
708
582
987
550
63
208
531
976
984
725
233
765
56
782
558
486
153
183
423
842
925
981
104
359
383
749
741
238
26
707
587
247
19
933
804
854
608
150
601
522
88
306
163
118
191
147
405
429
893
413
351
822
888
90
598
437
55
957
13
935
140
764
505
21
762
845
626
966
315
710
960
643
280
453
372
969
566
818
894
702
624
168
177
136
685
414
288
627
29
605
503
346
6
156
706
337
679
693
556
493
650
914